   1.1290498e+01
   4.1271797e+01
   6.8897348e-01
   1.5618681e+01
   9.0707922e+00
   1.7835505e+00
   4.2746505e+00
   9.2898168e+00
   2.3620293e+02
   1.0518612e+02
   1.7098530e+00
   1.3716956e+02
   1.3622170e+01
   6.1918845e+00
   1.3477711e+01
   5.3726878e+00
   5.8249477e+00
   2.9253288e+01
   2.6986287e+01
   2.7207340e+01
   1.2907280e+01
   1.9715252e+00
   1.3511390e+01
   3.3667388e+01
   1.0753036e+01
   1.8559604e+01
   1.3642358e+01
   4.8688289e+00
   8.8477733e+00
   3.0011980e+00
   1.6033656e+01
   2.0943102e+00
   2.2646583e+00
   2.9352589e+00
   3.4715296e-01
   2.7789956e+01
   9.1292624e+00
   3.0998882e+00
   2.5960935e+01
   1.1909817e+00
   5.9539324e+00
   5.1802189e+00
   9.0747978e+00
   9.0173722e+00
   2.7771201e+00
   6.3996485e+00
   5.5924381e+00
   1.2354269e+01
   1.9679157e+01
   1.9996708e+01
   2.7805300e+00
   7.1253116e+00
   1.9584970e+00
   2.1658083e+00
   6.5498689e+00
   3.0536560e+01
   3.0545383e+00
   9.5608169e+00
   5.2630461e+00
   2.0158993e+01
   2.2193849e+00
   6.8131313e+00
   1.1459526e+01
   1.9824223e+01
   3.0892278e+01
   7.1866526e+00
   1.4839450e+00
   3.1392770e+00
   2.2812251e+00
   6.9182752e+01
   3.5633192e+00
   1.3934547e+01
   5.4405266e+00
   1.6037100e+01
   3.0692865e+00
   1.6225928e+00
   1.5902933e+00
   1.0745513e+01
   5.5229890e+00
   5.4207863e+00
   2.7265019e+01
   8.8275608e+00
   8.0373981e+00
   3.2265336e+01
   2.9500685e+00
   1.3235714e+01
   1.5201324e+01
   5.1684830e+00
   8.1822277e+00
   2.0553588e+00
   2.0924625e+00
   7.3240912e+00
   1.3579325e+01
   8.7512848e+01
   3.3851685e+00
   7.9536058e+00
   6.0726795e+00
   9.5434641e-01
   4.2517396e+00
   1.0959434e+00
