   3.0753343e+00
   5.6677700e+00
  -2.5176937e+00
   3.7243466e+00
   2.6375305e+00
  -6.1537659e-01
   1.1328160e+00
   2.6852489e+00
   9.1567939e+00
   7.5388741e+00
  -6.9977388e-01
   8.0698469e+00
   3.4508084e+00
   1.8738903e+00
   3.4294858e+00
   1.5900679e+00
   1.7517113e+00
   4.9793952e+00
   4.8180690e+00
   4.8343848e+00
   3.3429943e+00
  -4.1497385e-01
   3.4344773e+00
   5.2604706e+00
   2.9777875e+00
   4.0693860e+00
   3.4537703e+00
   1.3931182e+00
   2.5877429e+00
   4.2543439e-01
   3.7767913e+00
  -2.9414021e-01
  -1.3774092e-01
   3.8100261e-01
  -3.8885683e+00
   4.8767606e+00
   2.6503811e+00
   4.9014336e-01
   4.7405971e+00
  -1.4230328e+00
   1.7955151e+00
   1.5171059e+00
   2.6384135e+00
   2.6257172e+00
   2.7024017e-01
   1.9398974e+00
   1.6702420e+00
   3.2554146e+00
   4.1865313e+00
   4.2185466e+00
   2.7269436e-01
   2.1547182e+00
  -4.2823409e-01
  -2.2700148e-01
   1.9863013e+00
   5.0652606e+00
   4.6066817e-01
   2.7427576e+00
   1.5488312e+00
   4.2347123e+00
  -1.7812859e-01
   2.0651149e+00
   3.1050540e+00
   4.2012204e+00
   5.0884238e+00
   2.1718623e+00
  -9.8318062e-01
   5.1539633e-01
  -1.2316347e-01
   6.7009144e+00
   7.6879624e-01
   3.4961536e+00
   1.6151630e+00
   3.7772209e+00
   4.7030153e-01
  -8.0453794e-01
  -8.4475185e-01
   2.9763878e+00
   1.6452497e+00
   1.6078930e+00
   4.8386203e+00
   2.5831687e+00
   2.3956221e+00
   5.1753982e+00
   3.9106809e-01
   3.3932488e+00
   3.6701763e+00
   1.5125697e+00
   2.4313402e+00
  -3.3168786e-01
  -2.9590556e-01
   2.2097494e+00
   3.4445081e+00
   7.1709825e+00
   6.6621866e-01
   2.3746620e+00
   1.8350111e+00
  -1.8660458e+00
   1.1220677e+00
  -1.5893577e+00
