   7.3766253e+00
   3.5620434e+00
   7.4292192e+01
   3.2618812e+00
   1.6498714e+01
   8.3789589e+01
   4.6020370e+01
   2.1726832e+01
   1.5632071e+00
   1.2867369e+00
   6.6514036e+01
   1.0745380e+00
   1.5759883e+00
   2.6021958e+01
   8.0205490e+00
   7.0298243e+01
   3.1079369e+01
   3.1689966e+00
   8.3855571e+00
   1.4886308e+00
   1.5191634e+01
   1.1996199e+02
   5.8875768e+00
   2.4582985e+00
   1.3950874e+01
   9.9869324e+00
   1.0687715e+01
   3.3692921e+01
   1.5206065e+01
   6.3540021e+01
   1.2530691e+01
   1.2410124e+02
   4.6224570e+01
   1.1071422e+02
   8.3940720e+01
   6.9927459e+00
   1.3107242e+01
   4.1347431e+01
   1.8381451e+00
   1.2126096e+02
   2.9658181e+01
   3.4685684e+01
   9.6193488e+00
   8.2498229e+00
   6.0383814e+01
   2.5697910e+01
   2.9101124e+01
   1.5712969e+01
   1.2361871e+01
   1.0132294e+01
   4.6341488e+01
   1.3899593e+01
   1.5226935e+01
   6.5390037e+01
   7.6631446e+01
   2.5071280e+01
   1.4791946e+00
   3.8796329e+01
   1.9284690e+01
   5.3890169e+01
   1.0295787e+01
   4.9180277e+01
   2.4526926e+01
   1.2887812e+01
   4.1586999e+00
   1.4961732e+00
   2.1704851e+01
   7.1135527e+01
   6.8466158e+01
   4.8841326e+01
   6.2459955e+00
   4.9295185e+01
   7.3960223e+00
   5.0851289e+01
   2.6410611e+00
   3.7795266e+01
   5.8557896e+01
   4.9750859e+01
   1.7439689e+01
   2.6929778e+01
   3.7623308e+01
   6.6719423e+00
   1.9284915e+01
   2.1540228e+01
   3.1117189e+00
   4.5083754e+01
   1.0012592e+01
   1.0178002e+01
   3.4790812e+01
   2.0374125e+01
   9.2841877e+01
   1.0510903e+02
   2.2801485e+01
   8.9830650e+00
   2.4576265e+00
   7.3473932e+01
   2.0310653e+01
   2.7227518e+01
   1.5951755e+02
   3.9143105e+01
