   1.7120083e+04
   6.2581525e+04
   1.0447088e+03
   2.3683022e+04
   1.3754284e+04
   2.7044452e+03
   6.4817664e+03
   1.4086397e+04
   3.5816079e+05
   1.5949652e+05
   2.5926957e+03
   2.0799386e+05
   2.0655659e+04
   9.3889195e+03
   2.0436612e+04
   8.1467497e+03
   8.8325234e+03
   4.4357540e+04
   4.0920026e+04
   4.1255214e+04
   1.9571653e+04
   2.9894761e+03
   2.0487680e+04
   5.1050757e+04
   1.6305115e+04
   2.8142422e+04
   2.0686271e+04
   7.3827350e+03
   1.3416115e+04
   4.5507966e+03
   2.4312259e+04
   3.1756584e+03
   3.4339618e+03
   4.4508113e+03
   5.2639728e+02
   4.2138651e+04
   1.3842944e+04
   4.7004431e+03
   3.9365257e+04
   1.8059173e+03
   9.0281064e+03
   7.8549040e+03
   1.3760358e+04
   1.3673282e+04
   4.2110212e+03
   9.7039575e+03
   8.4799629e+03
   1.8733107e+04
   2.9840029e+04
   3.0321541e+04
   4.2161917e+03
   1.0804300e+04
   2.9697211e+03
   3.2840728e+03
   9.9317408e+03
   4.6303400e+04
   4.6316778e+03
   1.4497321e+04
   7.9804970e+03
   3.0567619e+04
   3.3653124e+03
   1.0330933e+04
   1.7376385e+04
   3.0059998e+04
   4.6842785e+04
   1.0897313e+04
   2.2501453e+03
   4.7601694e+03
   3.4590824e+03
   1.0490365e+05
   5.4031559e+03
   2.1129325e+04
   8.2496154e+03
   2.4317482e+04
   4.6540409e+03
   2.4603808e+03
   2.4114040e+03
   1.6293708e+04
   8.3746554e+03
   8.2196827e+03
   4.1342674e+04
   1.3385466e+04
   1.2187321e+04
   4.8924788e+04
   4.4732675e+03
   2.0069666e+04
   2.3050173e+04
   7.8371085e+03
   1.2406930e+04
   3.1165953e+03
   3.1728566e+03
   1.1105715e+04
   2.0590692e+04
   1.3269806e+05
   5.1330212e+03
   1.2060264e+04
   9.2081657e+03
   1.4471009e+03
   6.4470260e+03
   1.6618081e+03
   2.3172370e+04
   4.1146469e+03
   1.1052735e+04
   5.8011499e+03
   1.3546198e+04
   5.4863244e+03
   1.6322596e+04
   2.0946011e+04
   5.5394088e+04
   8.2355616e+03
   1.1784851e+03
   4.3188810e+03
   3.8751886e+04
   3.4227003e+03
   2.6141889e+04
   1.1320722e+04
   4.2067763e+04
   1.4073171e+03
   8.2061746e+03
   2.9884044e+03
   1.8320269e+05
   2.2823803e+04
   3.9708174e+04
   3.4708684e+03
   6.2586813e+03
   7.6149672e+03
   2.9994370e+04
   7.5739381e+03
   2.0168592e+04
   1.2850129e+03
   7.0198026e+03
   4.3885486e+03
   2.0658217e+03
   1.6619218e+04
   1.3257576e+04
   1.0340466e+04
   2.6350632e+03
   3.0879032e+04
   1.4193222e+04
   7.4151045e+03
   1.0231538e+04
   7.6951454e+03
   1.7373704e+03
   7.5152487e+03
   4.3545383e+03
   3.7560910e+03
   3.1461624e+03
   5.8651496e+03
   1.3497904e+03
   2.6227658e+04
   1.6821287e+04
   9.8017137e+03
   9.6582648e+03
   4.5015488e+03
   2.7695512e+04
   8.7527472e+03
   4.8942201e+03
   3.8627747e+04
   7.9869906e+03
   5.5486578e+03
   7.4546015e+03
   4.2830221e+03
   3.2623794e+03
   1.2503389e+05
   5.2356845e+04
   1.3600686e+04
   2.8447259e+03
   4.2085453e+03
   8.3817019e+03
   2.2065188e+04
   2.6394767e+03
   9.7308673e+02
   2.3478213e+03
   1.3958602e+04
   1.4789814e+04
   1.5709483e+04
   8.7784551e+03
   1.2016422e+04
   6.2116843e+03
   2.3679429e+04
   2.5622624e+03
   1.5762200e+04
   4.2796692e+03
   7.1541897e+03
   1.7380840e+04
   2.8266454e+04
   3.2705115e+03
   3.5277445e+04
   1.9350693e+04
   9.3438609e+03
   8.2265267e+03
   8.0444205e+03
   7.3851961e+03
   1.0233132e+04
   1.0526285e+04
   2.2843072e+04
   4.6042357e+04
   1.5950649e+04
   8.1081664e+03
   1.8686016e+04
   1.2010873e+04
   3.5708996e+03
   2.5836983e+04
   1.3594251e+04
   1.1447370e+04
   1.6740508e+04
   1.2987553e+04
   3.9004788e+03
   8.5015408e+03
   8.6411049e+03
   5.8742225e+03
   5.3768548e+04
   4.1655809e+03
   6.1642720e+03
   4.9065966e+03
   3.0906232e+03
   8.2510922e+03
   7.6027868e+03
   4.6185117e+04
   7.7956068e+03
   3.4499912e+03
   4.9701862e+04
   3.4372755e+04
   7.9483046e+03
   2.2175997e+03
   6.4106282e+03
   8.5560964e+03
   1.3179378e+04
   7.7015488e+03
   1.5580295e+04
   1.4797812e+04
   2.8631035e+03
   3.8753042e+03
   4.7658647e+03
   6.0180756e+03
   7.2573125e+03
   1.0125471e+04
   4.8355402e+02
   6.3317107e+03
   3.4640846e+04
   3.4414183e+03
   2.5439759e+04
   1.4195231e+04
   9.7141087e+03
   1.2001567e+04
   2.0907630e+03
   9.1893538e+03
   4.9726174e+04
   1.1033464e+04
   1.0422414e+04
   4.7990404e+03
   9.6965617e+03
   1.2615574e+04
   1.5317143e+04
   6.8879696e+03
   7.8942173e+03
   7.5661994e+04
   1.0452239e+03
   9.2947124e+04
   1.4015289e+04
   2.7184472e+04
   1.8934880e+03
   5.5430813e+03
   7.5724823e+03
   1.5261004e+04
   1.8820929e+03
   1.6026112e+04
   2.9734946e+03
   1.0684298e+04
   1.9200589e+04
   1.3868846e+04
   2.9524446e+04
   2.7348514e+04
   5.2157211e+03
   1.2931177e+04
   3.8892148e+03
   2.6665795e+03
   2.5214293e+04
   1.0000499e+04
   9.4656190e+03
   2.4871246e+04
   1.8122763e+04
   1.4193531e+04
   3.4912199e+04
   2.5339756e+04
   1.2709482e+04
   5.0139498e+03
   5.2123533e+03
   3.2939975e+04
   1.9952208e+03
   9.7583483e+03
   1.4243818e+03
   2.7745762e+04
   2.3672201e+04
   1.0011628e+04
   9.3161353e+03
   8.3218640e+02
   1.7881335e+04
   1.1164457e+03
   9.8344338e+02
   1.0832153e+04
   3.8732894e+03
   1.5090656e+04
   1.9679213e+04
   2.3578084e+04
   5.0099502e+03
   1.5673364e+04
   1.1058711e+04
   2.2843237e+04
   1.7094250e+04
   2.4544150e+04
   8.7639545e+03
   8.6312008e+03
   2.7394945e+04
   1.1959366e+03
   6.0375523e+03
   2.8066473e+03
   6.8209604e+03
   1.9130126e+04
   2.2835406e+04
   3.6242285e+03
   6.2433393e+03
   1.1468567e+04
   7.4687057e+03
   1.3523158e+04
   1.4917217e+04
   3.9456888e+03
   8.3792200e+03
   1.1858864e+03
   3.1435782e+04
   5.3307627e+03
   3.0003685e+03
   7.7573471e+03
   2.3963296e+03
   9.7935840e+03
   5.7082934e+03
   8.8266778e+04
   3.1219737e+04
   8.2340968e+02
   1.5547689e+04
   2.4705659e+03
   7.7487374e+03
   1.1786905e+04
   2.1122084e+04
   7.6105706e+03
   4.8370264e+04
   6.1820377e+03
   1.3875119e+04
   1.9439736e+04
   1.0889224e+04
   2.4131979e+04
   1.3815598e+04
   4.5650931e+03
   1.6441306e+03
   6.4147046e+04
   5.4633109e+03
   1.1088902e+04
   1.7562256e+04
   1.1203005e+04
   4.0465266e+03
   6.2643229e+03
   8.8259403e+03
   4.3883728e+04
   4.2281705e+03
   2.1916802e+04
   1.3615492e+04
   7.9147258e+03
   3.4750621e+03
   7.5266055e+03
   9.1696105e+03
   2.3006462e+03
   1.2118914e+04
   4.3942278e+03
   9.1006379e+03
   1.3996376e+04
   4.0468186e+03
   7.4956941e+03
   1.4191566e+04
   1.5947643e+03
   2.8178549e+04
   1.1296141e+05
   2.6101313e+04
   7.2922570e+03
   1.5351417e+04
   3.5487673e+03
   6.5395311e+04
   2.5617853e+04
   2.1975559e+04
   4.1649773e+03
   1.3770577e+04
   5.7218422e+03
   7.3239930e+03
   5.6551983e+03
   3.5853334e+03
   4.0302947e+03
   8.1066747e+03
   1.8289116e+03
   1.8360207e+04
   8.8887533e+03
   2.0120625e+04
   1.3095043e+04
   1.6393291e+04
   2.2692833e+03
   3.6049962e+03
   6.3954710e+03
   1.1158970e+04
   3.0917475e+04
   7.4829122e+03
   3.5308927e+04
   1.6086974e+04
   3.2352841e+04
   1.1353569e+04
   5.1849965e+03
   2.2731943e+03
   1.1682291e+04
   2.2672131e+04
   7.4632947e+03
   5.8229015e+03
   7.3444379e+03
   3.3400701e+03
   6.1078527e+03
   8.3465288e+03
   1.0469081e+04
   9.3820846e+03
   1.8428904e+04
   1.1155167e+04
   6.1350330e+04
   1.3661872e+04
   6.0768944e+04
   4.8523524e+03
   1.6930761e+04
   7.7085818e+03
   1.8223785e+04
   1.8110935e+04
   1.1236288e+03
   2.6526044e+03
   2.3668773e+03
   1.4945789e+04
   4.3501106e+04
   7.2121771e+03
   2.2531360e+04
   1.7255401e+04
   3.4936701e+03
   1.4880507e+04
   4.7147239e+03
   4.5551884e+04
   9.6795807e+03
   5.1345883e+04
   6.5373155e+03
   1.8029665e+04
   9.3913952e+03
   1.3239586e+03
   3.7451197e+03
   1.8450591e+04
   9.4659293e+03
   3.2669378e+03
   5.3452406e+03
   1.2834063e+04
   3.7045659e+03
   2.6510353e+04
   5.2691844e+03
   6.1035015e+04
   3.3964095e+03
   1.2204131e+04
   2.1848748e+03
   4.8498800e+03
   5.5252847e+03
   1.4938196e+04
   2.5654485e+04
   1.3505150e+04
   6.8861657e+03
   2.2602796e+04
   2.2230653e+04
   1.1277283e+04
   1.7704746e+04
   1.5110368e+04
   3.7270730e+03
   2.1373534e+04
   5.1829987e+03
   5.4666534e+03
   1.1935676e+04
   7.3528032e+03
   8.7649844e+03
   1.8136795e+04
   2.8486146e+04
   8.2040379e+03
   1.3877423e+04
   7.8796508e+03
   1.2580928e+04
   1.5527040e+04
   5.3963304e+03
   1.3163158e+04
   1.8241279e+04
   1.0967025e+04
   5.6397593e+04
   5.4413525e+03
   4.7851880e+03
   1.7379492e+03
   2.4855217e+04
   2.3799573e+04
   9.2321527e+03
   2.4558575e+04
   1.2016594e+04
   1.3374839e+04
   1.1195700e+04
   1.5526330e+04
   1.1070097e+04
   1.6237692e+05
   3.1140373e+03
   1.5656264e+03
   3.1960125e+03
   3.3509425e+03
   6.4816545e+03
   8.4495671e+03
   8.0369651e+03
   1.7182983e+04
   1.4758974e+04
   2.1196034e+04
   5.9195232e+04
   3.3975771e+04
   2.7713345e+03
   9.7397521e+02
   2.4643583e+04
   1.5951159e+03
   1.0690356e+04
   1.0361164e+04
   9.2735668e+04
   9.3312673e+03
   6.0210522e+03
   1.2659333e+04
   1.2786500e+04
   1.0725567e+04
   5.4412270e+03
   2.9446551e+03
   1.3723167e+04
   2.6109545e+03
   3.5622799e+03
   3.7856435e+04
   6.5776787e+03
   8.6907859e+03
   2.4591661e+04
   7.4073599e+03
   2.7992897e+04
   7.0817363e+03
   2.7533046e+04
   1.8763616e+04
   8.0814395e+03
   4.2075805e+03
   3.5235774e+03
   7.6332697e+03
   6.4523457e+03
   6.6453062e+03
   2.6739191e+04
   7.4252618e+03
   3.1382927e+04
   5.8765213e+03
   2.6447214e+04
   5.9318409e+03
   1.1931272e+04
   2.6398915e+04
   6.6101928e+03
   6.4515123e+03
   7.4141520e+04
   2.5882798e+04
   6.4920688e+03
   1.9135128e+04
   6.9762309e+03
   2.0256386e+04
   4.1199831e+04
   2.0098688e+03
   2.7978550e+04
   4.2972178e+04
   1.0486161e+04
   5.7331018e+04
   1.1681105e+04
   2.9021894e+03
   1.1152636e+03
   7.1647848e+03
   2.0412111e+04
   1.3735625e+04
   1.5122678e+04
   5.6153252e+03
   1.1548862e+04
   1.9423904e+03
   4.6762434e+03
   4.4096353e+03
   1.6815717e+04
   9.8593972e+03
   3.1489080e+03
   9.9052030e+03
   5.0167111e+03
   5.1340044e+03
   2.3729868e+04
   1.1201016e+04
   1.4893843e+04
   2.4204897e+04
   1.1975259e+04
   1.7347348e+04
   1.9797375e+04
   3.2239543e+04
   1.6093986e+04
   4.1051106e+04
   1.0228660e+04
   9.5325826e+03
   5.4812581e+04
   6.0066872e+03
   9.9714911e+03
   2.5089569e+04
   1.1616120e+04
   4.0752555e+04
   2.8126344e+04
   1.3385277e+04
   4.5946223e+03
   1.7624345e+04
   2.5091999e+03
   1.2769503e+04
   2.2444013e+04
   1.2374362e+04
   2.4101215e+04
   7.6819717e+04
   2.5191775e+04
   1.3059326e+04
   1.8996345e+04
   1.5303330e+04
   2.6854857e+03
   6.5940905e+03
   3.4031036e+04
   9.5735194e+03
   1.7903717e+04
   3.6549595e+03
   1.0666434e+04
   1.8226508e+04
   2.5627224e+03
   1.4156554e+04
   8.3373204e+03
   3.9080961e+03
   9.6316245e+03
   1.5012237e+03
   1.1907797e+03
   3.0822559e+03
   3.7137898e+03
   3.0942723e+03
   1.7809685e+03
   1.3340616e+04
   2.0307423e+03
   1.1165224e+04
   2.1969426e+04
   9.9777569e+03
   1.0975811e+04
   6.8512289e+03
   2.2702932e+03
   9.5712758e+03
   2.6138526e+04
   5.6873530e+04
   6.5037495e+03
   1.9645483e+03
   1.1809834e+04
   1.4568345e+04
   7.9696026e+03
   3.1698137e+03
   7.5710563e+04
   9.4465224e+02
   6.0051237e+03
   2.6670140e+03
   5.2933793e+03
   1.3741721e+04
   1.1480306e+04
   4.9128293e+03
   2.1749453e+04
   1.8633835e+04
   1.9105304e+04
   6.5335694e+03
   2.8535983e+04
   1.9361609e+04
   1.2289835e+05
   2.8963741e+04
   3.1801287e+04
   1.0544073e+04
   2.7571543e+03
   6.8989129e+03
   4.6870021e+03
   5.6894648e+03
   1.7421824e+04
   5.7305243e+03
   4.0856137e+03
   6.6409656e+03
   8.5138847e+03
   1.5058152e+04
   3.8572292e+03
   1.3734385e+04
   1.0811444e+04
   3.7598740e+04
   8.0801837e+03
   8.7417155e+03
   3.0994643e+03
   2.5025805e+03
   1.3641183e+04
   7.7919880e+03
   1.6549057e+04
   4.0956429e+03
   6.7430499e+04
   1.1300148e+04
   2.8491858e+04
   7.9698438e+03
   8.5001444e+03
   1.9938190e+04
   1.7432597e+04
   3.2619660e+03
   2.1595332e+03
   3.3358160e+03
   2.4273783e+03
   1.0613807e+04
   6.6282059e+03
   6.9210975e+03
   2.5641370e+03
   2.1805288e+04
   1.5517931e+04
   9.1427627e+03
   2.7764694e+04
   4.1728766e+03
   1.5139169e+04
   1.4168572e+04
   1.4180099e+04
   4.8227188e+03
   1.3865800e+04
   5.9757132e+03
   4.0801712e+03
   3.0021146e+03
   2.8230437e+04
   4.2915196e+03
   8.4121009e+03
   2.9859950e+03
   7.4294980e+03
   3.9476971e+02
   3.3724041e+03
   2.4016330e+03
   3.6260153e+03
   8.0794024e+03
   7.2227612e+03
   6.9894215e+04
   5.6452353e+03
   7.7877565e+03
   2.0818764e+03
   6.2040508e+03
   2.6237601e+03
   1.0307627e+04
   2.3468800e+04
   1.4981836e+04
   4.9627741e+03
   1.9582323e+03
   4.3060163e+04
   7.7682331e+04
   1.1280614e+04
   3.7161325e+03
   3.3127262e+04
   5.5285682e+03
   6.2512143e+03
   2.4263241e+04
   2.5026878e+03
   1.4131640e+03
   1.5230025e+04
   1.4929261e+04
   1.0998152e+04
   1.6432638e+04
   2.9512848e+04
   2.6391260e+04
   5.6633496e+03
   2.2478452e+04
   1.1891602e+04
   6.0317822e+03
   3.0321723e+03
   1.9097473e+04
   7.0213991e+03
   1.0475295e+04
   4.5250906e+03
   2.1213881e+03
   1.1871867e+04
   9.3975213e+03
   3.3168909e+04
   2.2293366e+04
   2.8671101e+04
   4.7289744e+03
   3.9206545e+03
   2.8108820e+03
   1.6453952e+04
   1.6266066e+05
   2.0700485e+04
   4.6159652e+03
   2.3085826e+04
   3.2357307e+03
   2.4063594e+03
   2.0491853e+04
   4.5936714e+03
   1.3716109e+04
   4.0817880e+04
   1.4935034e+04
   2.5336483e+04
   2.0072847e+03
   1.9377669e+04
   8.4867172e+04
   1.7179632e+04
   2.1419313e+03
   8.1616169e+03
   6.0655175e+03
   1.4667131e+04
   1.5098879e+04
   1.5000412e+04
   6.9504357e+03
   5.4921129e+03
   5.5455516e+03
   2.3479458e+04
   1.5676490e+03
   8.1277321e+03
   1.3104600e+04
   5.2060118e+03
   1.6115997e+04
   9.3116420e+03
   3.9129196e+03
   1.1751121e+04
   7.6476791e+03
   6.6373477e+03
   4.9099432e+03
   1.0633725e+04
   1.5784697e+03
   6.7143832e+03
   5.8068425e+03
   4.0176076e+03
   1.9207171e+04
   4.7985502e+03
   1.7170936e+04
   2.6533975e+04
   8.5481482e+03
   1.3202212e+04
   1.8955657e+04
   9.2221397e+03
   1.7175007e+04
   2.8292743e+03
   3.0356448e+04
   3.7173922e+03
   1.6060041e+03
   3.9928230e+04
   9.3920003e+03
   1.5666211e+04
   6.9540667e+03
   3.6038463e+03
   4.6282631e+02
   1.8706370e+04
   7.5074853e+03
   8.2090909e+03
   1.5002104e+04
   2.4187155e+03
   4.8217641e+03
   3.1497650e+04
   1.8182321e+04
   2.7768129e+03
   1.1044206e+03
   5.6482105e+03
   1.2386183e+04
   2.5660736e+04
   1.0982582e+04
   3.2552640e+03
   1.3581966e+04
   3.0964312e+03
   3.8252297e+03
   5.2009956e+03
   2.9246986e+03
   7.6264309e+03
   4.0658996e+03
   7.5149845e+03
   6.2975681e+03
   6.6379281e+03
   6.0438795e+03
   3.4325283e+04
   1.8409932e+04
   1.0608518e+04
   2.3062858e+03
   1.9675357e+03
   1.4019059e+03
   1.3533874e+05
   2.6442165e+04
   1.2930205e+04
   3.7747896e+03
   3.1779003e+03
   1.7291665e+04
   4.7830766e+04
   1.8390358e+03
   6.3801253e+03
   9.1916275e+03
   1.3642269e+03
   2.3192542e+04
   6.6056555e+03
   6.7678323e+04
   6.7644866e+03
   1.5055858e+04
   3.1904339e+03
   5.3533435e+03
   3.1076358e+03
   1.4807893e+04
   3.6760526e+04
   5.5231223e+03
   1.5470895e+04
   6.0389044e+03
   1.1075028e+04
   3.3076916e+04
   1.1278158e+04
   3.5457216e+03
   4.2438966e+03
   8.4377087e+03
   8.2558068e+03
   4.2070845e+03
   1.1980127e+04
   3.5485124e+04
   7.7789067e+03
   8.1499765e+03
   1.1063465e+03
   4.6092815e+03
   2.4826152e+03
   6.7961104e+03
   1.6914503e+04
   4.5871975e+04
   6.0405463e+04
   8.8968815e+03
   7.2600659e+03
   2.2648676e+04
   1.6325761e+04
   2.1495342e+04
   2.1777213e+04
   2.2756823e+03
   1.7166315e+04
   9.1252571e+03
   4.6754841e+03
   4.9977592e+03
   3.6018866e+04
   4.4497481e+03
   2.9030640e+03
   1.2394732e+04
   7.4690795e+04
   1.0258837e+04
   1.3611085e+04
   3.9131312e+03
   5.3346109e+04
   1.1331351e+04
   1.6991043e+04
   3.8594198e+03
   2.3491248e+04
   1.4757196e+04
   3.1474230e+03
   1.0405403e+04
   6.3724658e+03
   1.1154389e+04
   7.7837035e+03
   8.2704047e+03
   3.5596833e+03
   7.2376254e+03
   2.1522781e+04
   5.7240304e+04
   3.1332323e+03
   1.0776974e+05
   4.6000996e+04
   1.1835371e+04
   7.3992494e+03
   4.9725402e+03
   2.2996814e+04
   4.9927149e+03
   6.3009606e+03
   2.4196361e+04
   1.5464225e+04
   2.4516159e+04
   1.6565416e+04
   6.6971895e+03
   5.9818930e+03
   2.2174715e+04
   5.1109992e+03
   3.2761175e+04
   2.2049437e+04
   1.3333859e+04
   1.0032313e+04
   1.4414033e+04
   3.4010790e+05
   8.9365395e+03
   2.1085303e+03
   6.7876331e+04
   1.8401481e+04
   5.2313714e+03
   1.3699165e+05
   1.7349011e+04
   1.3420572e+04
   4.5939549e+03
   3.4475195e+03
   1.7060335e+03
   6.5513135e+03
   3.4885377e+03
   1.9112457e+04
   7.2787337e+03
   5.8649360e+04
   4.5293679e+04
   1.1782265e+04
   7.5369785e+03
   3.1650404e+04
   3.1774451e+03
