   3.2000000e+00
   3.6000000e+00
   2.5000000e+00
   3.3000000e+00
   3.1000000e+00
   2.6000000e+00
   2.9000000e+00
   3.1000000e+00
   4.0000000e+00
   3.8000000e+00
   2.6000000e+00
   3.9000000e+00
   3.2000000e+00
   3.0000000e+00
   3.2000000e+00
   2.9000000e+00
   3.0000000e+00
   3.4000000e+00
   3.4000000e+00
   3.4000000e+00
   3.2000000e+00
   2.6000000e+00
   3.2000000e+00
   3.5000000e+00
   3.1000000e+00
   3.3000000e+00
   3.2000000e+00
   2.9000000e+00
   3.1000000e+00
   2.8000000e+00
   3.3000000e+00
   2.7000000e+00
   2.7000000e+00
   2.8000000e+00
   2.5000000e+00
   3.4000000e+00
   3.1000000e+00
   2.8000000e+00
   3.4000000e+00
   2.5000000e+00
   3.0000000e+00
   2.9000000e+00
   3.1000000e+00
   3.1000000e+00
   2.7000000e+00
   3.0000000e+00
   3.0000000e+00
   3.2000000e+00
   3.3000000e+00
   3.3000000e+00
   3.0000000e+00
   3.3000000e+00
   2.8000000e+00
   2.9000000e+00
   3.3000000e+00
   3.9000000e+00
   3.0000000e+00
   3.4000000e+00
   3.2000000e+00
   3.7000000e+00
   2.9000000e+00
   3.3000000e+00
   3.5000000e+00
   3.7000000e+00
   3.9000000e+00
   3.3000000e+00
   2.7000000e+00
   3.0000000e+00
   2.9000000e+00
   4.0000000e+00
   3.1000000e+00
   3.6000000e+00
   3.2000000e+00
   3.7000000e+00
   3.0000000e+00
   2.7000000e+00
   2.7000000e+00
   3.5000000e+00
   3.2000000e+00
   3.2000000e+00
   3.9000000e+00
   3.4000000e+00
   3.4000000e+00
   3.9000000e+00
   3.0000000e+00
   3.6000000e+00
   3.6000000e+00
   3.2000000e+00
   3.4000000e+00
   2.8000000e+00
   2.8000000e+00
   3.3000000e+00
   3.6000000e+00
   4.0000000e+00
   3.0000000e+00
   3.4000000e+00
   3.3000000e+00
   2.5000000e+00
   3.1000000e+00
   2.6000000e+00
