764	236	0.649662651000000	0.787630914000000
818	278	0.721118436000000	0.837964920000000
754	264	0.654012323000000	0.790819166000000
625	276	0.457881733000000	0.628146609000000
625	283	0.462142945000000	0.632144684000000
739	210	0.603326265000000	0.752593253000000
769	210	0.638879220000000	0.779653817000000
695	239	0.561395144000000	0.719094262000000
624	237	0.429720210000000	0.601124902000000
663	256	0.519255283000000	0.683565545000000
746	227	0.623457765000000	0.768061576000000
667	300	0.551932284000000	0.711283977000000
803	274	0.706975096000000	0.828336743000000
666	285	0.541994791000000	0.702978758000000
690	211	0.533553152000000	0.695839139000000
774	255	0.670680296000000	0.802882870000000
805	228	0.685841194000000	0.813648636000000
705	227	0.568439554000000	0.724847257000000
715	269	0.608527058000000	0.756626449000000
723	276	0.622922739000000	0.767655446000000
815	278	0.718714034000000	0.836339286000000
797	275	0.702177941000000	0.825034709000000
819	252	0.710280815000000	0.830601394000000
690	239	0.553578427000000	0.712649477000000
762	260	0.660710293000000	0.795696029000000
686	217	0.531600874000000	0.694176771000000
720	273	0.617404808000000	0.763451184000000
705	276	0.598427720000000	0.748770448000000
766	204	0.631434728000000	0.774085187000000
688	295	0.583369830000000	0.736871221000000
744	274	0.647722759000000	0.786203572000000
694	248	0.565667468000000	0.722589540000000
694	238	0.559184627000000	0.717278271000000
691	271	0.574887258000000	0.730067826000000
663	256	0.519255283000000	0.683565545000000
659	258	0.513324363000000	0.678406263000000
807	229	0.688192709000000	0.815301127000000
779	292	0.693078340000000	0.818719753000000
764	222	0.641157181000000	0.781347684000000
663	234	0.504405851000000	0.670571509000000
730	237	0.609720437000000	0.757548234000000
780	239	0.668163584000000	0.801076813000000
691	205	0.530479321000000	0.693219847000000
780	246	0.671984924000000	0.803816966000000
692	206	0.532880084000000	0.695266498000000
653	237	0.488056646000000	0.655965144000000
757	258	0.654203365000000	0.790958813000000
758	206	0.623673690000000	0.768225406000000
700	288	0.597639473000000	0.748153114000000
648	241	0.481329397000000	0.649861399000000
651	294	0.520113666000000	0.684308914000000
728	254	0.617313270000000	0.763381197000000
661	287	0.534353640000000	0.696519532000000
795	282	0.703486139000000	0.825937027000000
717	270	0.611782393000000	0.759137704000000
706	265	0.593720966000000	0.745075178000000
771	270	0.675147332000000	0.806075166000000
636	221	0.442785246000000	0.613792313000000
731	223	0.601969234000000	0.751536573000000
647	272	0.499694092000000	0.666394693000000
706	296	0.610264917000000	0.757968345000000
653	266	0.507322896000000	0.673144285000000
796	245	0.686812422000000	0.814331710000000
715	255	0.600563796000000	0.750440310000000
766	201	0.629317463000000	0.772492136000000
741	246	0.628964675000000	0.772226292000000
752	252	0.645334945000000	0.784442034000000
651	244	0.489153374000000	0.656954996000000
814	216	0.686945885000000	0.814425514000000
672	222	0.511660248000000	0.676951383000000
672	231	0.518212385000000	0.682661254000000
758	249	0.650438924000000	0.788201144000000
632	208	0.424170172000000	0.595673439000000
745	276	0.649888513000000	0.787796882000000
811	296	0.722822742000000	0.839114465000000
628	218	0.423866271000000	0.595373708000000
767	237	0.653499042000000	0.790443811000000
708	240	0.581473907000000	0.735356941000000
799	295	0.712434683000000	0.832072242000000
708	221	0.568679072000000	0.725041957000000
763	234	0.647388039000000	0.785956950000000
720	296	0.629104630000000	0.772331768000000
777	277	0.684451658000000	0.812669992000000
740	234	0.620522264000000	0.765829977000000
752	226	0.629973387000000	0.772986102000000
743	255	0.636487447000000	0.777870247000000
772	263	0.672717364000000	0.804340743000000
630	256	0.455536014000000	0.625935751000000
636	207	0.431581338000000	0.602943509000000
649	285	0.511245481000000	0.676588268000000
627	270	0.458346953000000	0.628584236000000
773	291	0.686828333000000	0.814342894000000
762	229	0.643275726000000	0.782918795000000
726	200	0.578718438000000	0.733149653000000
741	213	0.607968869000000	0.756194826000000
764	234	0.648487122000000	0.786766379000000
718	251	0.602305364000000	0.751798474000000
634	238	0.451355073000000	0.621977463000000
627	201	0.407829168000000	0.579373091000000
782	267	0.684597412000000	0.812772722000000
787	228	0.668873934000000	0.801587131000000
779	239	0.667154886000000	0.800351415000000
771	226	0.651266168000000	0.788808226000000
736	295	0.648516815000000	0.786788232000000
742	214	0.609916435000000	0.757699495000000
639	237	0.460780920000000	0.630869302000000
809	280	0.714650156000000	0.833581303000000
670	229	0.513290342000000	0.678376551000000
736	237	0.617387144000000	0.763437680000000
790	250	0.683795552000000	0.812207339000000
766	285	0.677099282000000	0.807464757000000
670	274	0.542544717000000	0.703441153000000
738	223	0.610971072000000	0.758512779000000
734	263	0.629934647000000	0.772956938000000
796	226	0.676395450000000	0.806964073000000
639	235	0.459339105000000	0.629516612000000
626	233	0.431053225000000	0.602427943000000
631	288	0.477584543000000	0.646439549000000
757	257	0.653671998000000	0.790570317000000
773	244	0.663780938000000	0.797918672000000
754	248	0.645387486000000	0.784480849000000
718	227	0.587116560000000	0.739853108000000
640	286	0.494490464000000	0.661751247000000
666	238	0.512591946000000	0.677766330000000
663	200	0.478099131000000	0.646910780000000
755	202	0.617291072000000	0.763364224000000
743	238	0.626648365000000	0.770477970000000
725	232	0.599960298000000	0.749968982000000
670	282	0.547164429000000	0.707312576000000
806	201	0.670365529000000	0.802657283000000
639	201	0.432640968000000	0.603976820000000
772	272	0.677124956000000	0.807483013000000
703	297	0.606543139000000	0.755091008000000
748	226	0.625227677000000	0.769403187000000
785	246	0.676912966000000	0.807332259000000
821	211	0.690033054000000	0.816591193000000
820	300	0.731451769000000	0.844899964000000
757	230	0.638251828000000	0.779186469000000
725	296	0.635499856000000	0.777132268000000
818	261	0.713669716000000	0.832913962000000
715	286	0.617539024000000	0.763553787000000
792	292	0.705073393000000	0.827029964000000
742	234	0.622983928000000	0.767701907000000
715	223	0.580177329000000	0.734319267000000
823	296	0.732223351000000	0.845414479000000
796	295	0.709839898000000	0.830299842000000
726	284	0.630879722000000	0.773667994000000
807	226	0.686513234000000	0.814121372000000
695	251	0.569086327000000	0.725372871000000
669	248	0.524640694000000	0.688215520000000
700	249	0.575401971000000	0.730482736000000
747	276	0.652189602000000	0.789485179000000
673	259	0.538580944000000	0.700100890000000
735	235	0.614883998000000	0.761520950000000
645	287	0.504792470000000	0.670913073000000
703	200	0.545357414000000	0.705801013000000
669	241	0.519947996000000	0.684165507000000
754	286	0.664844315000000	0.798686470000000
674	216	0.510608208000000	0.676029966000000
819	218	0.692442632000000	0.818276045000000
664	245	0.513810916000000	0.678831036000000
781	266	0.683147873000000	0.811750273000000
669	296	0.553200792000000	0.712336479000000
719	286	0.622850948000000	0.767600929000000
786	265	0.687461442000000	0.814787734000000
792	201	0.656888035000000	0.792917833000000
779	233	0.663756292000000	0.797900865000000
703	241	0.574799212000000	0.729996825000000
802	262	0.700626566000000	0.823962862000000
809	253	0.702394926000000	0.825184469000000
795	209	0.665101869000000	0.798872287000000
677	268	0.550775246000000	0.710322463000000
778	271	0.682617609000000	0.811375805000000
719	254	0.605433412000000	0.754230487000000
637	221	0.444821007000000	0.615745486000000
673	216	0.508869999000000	0.674504761000000
757	275	0.662854736000000	0.797249118000000
781	238	0.668610831000000	0.801398167000000
819	248	0.708350773000000	0.829280244000000
804	267	0.704687494000000	0.826764432000000
630	228	0.435744094000000	0.606994096000000
761	244	0.650964362000000	0.788586812000000
785	283	0.694815658000000	0.819930657000000
710	216	0.568029425000000	0.724513732000000
795	296	0.709374503000000	0.829981378000000
760	210	0.628757711000000	0.772070280000000
727	203	0.582378873000000	0.736080193000000
694	251	0.567552235000000	0.724125451000000
646	296	0.511821259000000	0.677092289000000
668	229	0.509766371000000	0.675291729000000
635	274	0.477311810000000	0.646189662000000
684	233	0.539846991000000	0.701169654000000
814	297	0.725615231000000	0.840993076000000
812	207	0.679700531000000	0.809311563000000
808	207	0.676077922000000	0.806738056000000
648	226	0.470469891000000	0.639890546000000
761	291	0.674633077000000	0.805708529000000
708	250	0.587729834000000	0.740339850000000
628	265	0.457256896000000	0.627558391000000
798	260	0.696126672000000	0.820842787000000
679	259	0.548624350000000	0.708531220000000
755	215	0.626334357000000	0.770240577000000
684	264	0.559793213000000	0.717778752000000
800	211	0.671156128000000	0.803223728000000
758	256	0.654244223000000	0.790988675000000
688	223	0.539274498000000	0.700686588000000
717	216	0.578083126000000	0.732639639000000
667	205	0.489526999000000	0.657291878000000
673	246	0.530230576000000	0.693007425000000
674	224	0.516610460000000	0.681269810000000
672	248	0.529833566000000	0.692668245000000
811	282	0.717143575000000	0.835275029000000
642	259	0.481777851000000	0.650270013000000
669	300	0.555334413000000	0.714102907000000
726	288	0.632873324000000	0.775165244000000
772	253	0.667586881000000	0.800662188000000
785	256	0.682079708000000	0.810995704000000
728	251	0.615575366000000	0.762050943000000
793	286	0.703428967000000	0.825897622000000
807	297	0.719957374000000	0.837180485000000
800	245	0.690466612000000	0.816894705000000
728	238	0.607737362000000	0.756015723000000
663	270	0.527972118000000	0.691075592000000
662	221	0.493054901000000	0.660464529000000
707	238	0.578733299000000	0.733161579000000
751	239	0.636755122000000	0.778070114000000
811	227	0.690618860000000	0.817001249000000
798	295	0.711574144000000	0.831485035000000
655	299	0.530227321000000	0.693004645000000
718	218	0.580912050000000	0.734907486000000
755	243	0.643685814000000	0.783222449000000
776	275	0.682537913000000	0.811319505000000
670	279	0.545450097000000	0.705878628000000
713	213	0.570200328000000	0.726277173000000
812	250	0.703488758000000	0.825938833000000
725	239	0.604404923000000	0.753431898000000
706	276	0.599849914000000	0.749882734000000
755	289	0.667325680000000	0.800474302000000
794	277	0.700393829000000	0.823801895000000
683	217	0.526649763000000	0.689941827000000
730	200	0.584153464000000	0.737496054000000
781	284	0.691487316000000	0.817608633000000
725	288	0.631605893000000	0.774213792000000
641	252	0.475178491000000	0.644231859000000
656	200	0.465056272000000	0.634864723000000
720	232	0.593192005000000	0.744658526000000
713	213	0.570200328000000	0.726277173000000
701	224	0.560348935000000	0.718235418000000
692	255	0.566941704000000	0.723628330000000
726	222	0.594665427000000	0.745818423000000
711	229	0.578565562000000	0.733026966000000
700	275	0.590652844000000	0.742654623000000
782	242	0.671813970000000	0.803694648000000
640	268	0.483582229000000	0.651911596000000
678	217	0.518241257000000	0.682686305000000
763	227	0.643162774000000	0.782835133000000
712	297	0.619002829000000	0.764671708000000
715	216	0.575245719000000	0.730356810000000
630	298	0.481291204000000	0.649826587000000
700	244	0.572250040000000	0.727937701000000
779	281	0.688225834000000	0.815324372000000
766	203	0.630733314000000	0.773557894000000
682	216	0.524228216000000	0.687860533000000
648	273	0.502214485000000	0.668632196000000
763	220	0.638770171000000	0.779572611000000
636	214	0.437277838000000	0.608480596000000
735	276	0.638015501000000	0.779010334000000
631	265	0.463484869000000	0.633398922000000
711	262	0.599076185000000	0.749277852000000
823	290	0.729897445000000	0.843862100000000
740	224	0.614143063000000	0.760952455000000
790	297	0.705354204000000	0.827223110000000
778	239	0.666141139000000	0.799621501000000
705	233	0.572509975000000	0.728147973000000
651	236	0.483550522000000	0.651882784000000
635	212	0.433623399000000	0.604933484000000
692	234	0.553370560000000	0.712477208000000
756	276	0.662252950000000	0.796813686000000
753	227	0.631774844000000	0.774340708000000
781	200	0.644950902000000	0.784158240000000
764	265	0.665405531000000	0.799091295000000
643	208	0.446522354000000	0.617373596000000
776	214	0.649061598000000	0.787189028000000
662	221	0.493054901000000	0.660464529000000
631	287	0.476997135000000	0.645901232000000
655	277	0.517719520000000	0.682233460000000
664	228	0.501891403000000	0.668345797000000
730	276	0.631841954000000	0.774391114000000
662	233	0.501881970000000	0.668337432000000
752	242	0.639672612000000	0.780244309000000
799	276	0.704385547000000	0.826556583000000
640	228	0.456196530000000	0.626559013000000
726	279	0.628337873000000	0.771753680000000
660	209	0.479993586000000	0.648642792000000
630	284	0.473164767000000	0.642378609000000
647	295	0.513162196000000	0.678264627000000
638	278	0.485773557000000	0.653899855000000
693	201	0.530490217000000	0.693229151000000
655	264	0.509787084000000	0.675309902000000
636	217	0.439660664000000	0.610783742000000
633	298	0.487408001000000	0.655379023000000
680	247	0.542666636000000	0.703543621000000
643	294	0.504941120000000	0.671044353000000
715	292	0.620563149000000	0.765861113000000
813	262	0.710020913000000	0.830423660000000
646	224	0.465067062000000	0.634874776000000
630	285	0.473759461000000	0.642926439000000
812	248	0.702503991000000	0.825259729000000
624	291	0.464768932000000	0.634596928000000
802	228	0.683115942000000	0.811727731000000
758	251	0.651539855000000	0.789008940000000
786	263	0.686495757000000	0.814109083000000
719	275	0.617147080000000	0.763254113000000
772	227	0.652937685000000	0.790033032000000
623	287	0.460297381000000	0.630415951000000
820	213	0.690371050000000	0.816827820000000
676	226	0.521505538000000	0.685512507000000
774	226	0.654448015000000	0.791137599000000
804	229	0.685497334000000	0.813406607000000
701	226	0.561751264000000	0.719386341000000
795	223	0.673696643000000	0.805040323000000
693	228	0.550804570000000	0.710346849000000
734	262	0.629389543000000	0.772546437000000
795	266	0.696268786000000	0.820941577000000
633	296	0.486276515000000	0.654355378000000
774	254	0.670160546000000	0.802510330000000
762	294	0.677018033000000	0.807406980000000
636	261	0.471111775000000	0.640483997000000
652	262	0.502935107000000	0.669270555000000
662	200	0.476259426000000	0.645224569000000
810	270	0.711137284000000	0.831186709000000
635	286	0.484537125000000	0.652778724000000
676	259	0.543640058000000	0.704361169000000
746	276	0.651042058000000	0.788643820000000
741	285	0.649659623000000	0.787628689000000
823	243	0.709153546000000	0.829830120000000
756	264	0.656234856000000	0.792441789000000
679	208	0.512963102000000	0.678090696000000
772	204	0.638083623000000	0.779061111000000
777	203	0.642791721000000	0.782560215000000
793	250	0.686609092000000	0.814188771000000
704	262	0.589111987000000	0.741435458000000
689	279	0.576312567000000	0.731216104000000
772	269	0.675676880000000	0.806452471000000
683	240	0.542978068000000	0.703805296000000
665	219	0.496980648000000	0.663977385000000
706	216	0.562128208000000	0.719695355000000
785	239	0.673132346000000	0.804637299000000
818	289	0.725624169000000	0.840999080000000
821	259	0.715175088000000	0.833938288000000
801	294	0.713738116000000	0.832960543000000
653	261	0.504172746000000	0.670365484000000
755	283	0.664524036000000	0.798455320000000
712	290	0.615518657000000	0.762007489000000
706	220	0.565014622000000	0.722056669000000
796	274	0.700840492000000	0.824110779000000
761	279	0.669080008000000	0.801735093000000
663	232	0.502978819000000	0.669309258000000
665	292	0.544162618000000	0.704799626000000
709	215	0.565837167000000	0.722727981000000
771	205	0.637679219000000	0.778759615000000
798	244	0.688128916000000	0.815256358000000
629	235	0.438831938000000	0.609983594000000
710	279	0.607071559000000	0.755500346000000
672	267	0.541787756000000	0.702804590000000
695	295	0.593934336000000	0.745243166000000
788	253	0.683432063000000	0.811950869000000
640	249	0.471164956000000	0.640533143000000
756	238	0.641916090000000	0.781910956000000
732	298	0.645109978000000	0.784275807000000
804	262	0.702372933000000	0.825169291000000
823	220	0.696966076000000	0.821426057000000
791	228	0.672774814000000	0.804381807000000
753	231	0.634259718000000	0.776204310000000
739	286	0.647790384000000	0.786253385000000
738	256	0.631005040000000	0.773762219000000
744	230	0.622930658000000	0.767661458000000
634	212	0.431568907000000	0.602931378000000
657	290	0.528876531000000	0.691849891000000
771	298	0.687882546000000	0.815083428000000
718	222	0.583706941000000	0.737140093000000
633	283	0.478712125000000	0.647471698000000
752	216	0.623465073000000	0.768067122000000
662	210	0.484486054000000	0.652732375000000
778	212	0.649873353000000	0.787785744000000
631	208	0.422091749000000	0.593620980000000
659	207	0.476513137000000	0.645457362000000
819	230	0.699130770000000	0.822927561000000
762	220	0.637647792000000	0.778736179000000
692	249	0.563202703000000	0.720575396000000
787	201	0.651851225000000	0.789237209000000
673	288	0.555577530000000	0.714303877000000
639	243	0.465029921000000	0.634840169000000
682	204	0.514838914000000	0.679727605000000
753	263	0.652371841000000	0.789618686000000
710	257	0.594768609000000	0.745899569000000
758	265	0.658947055000000	0.794416016000000
817	204	0.682255649000000	0.811120057000000
748	295	0.662369428000000	0.796897990000000
637	249	0.465148939000000	0.634951064000000
643	257	0.482436480000000	0.650869681000000
650	297	0.519917809000000	0.684139374000000
644	284	0.501118307000000	0.667659977000000
804	227	0.684373859000000	0.812615151000000
707	248	0.585063220000000	0.738220675000000
706	287	0.605688207000000	0.754428169000000
748	283	0.656750683000000	0.792817760000000
719	271	0.615002596000000	0.761611898000000
642	282	0.496055263000000	0.663150988000000
717	263	0.607900014000000	0.756141562000000
641	248	0.472471851000000	0.641739740000000
640	228	0.456196530000000	0.626559013000000
764	205	0.629874785000000	0.772911872000000
669	201	0.489809454000000	0.657546443000000
633	225	0.439700017000000	0.610821715000000
758	269	0.660972433000000	0.795886096000000
802	210	0.672411576000000	0.804122126000000
746	256	0.640588033000000	0.780924912000000
691	296	0.588461410000000	0.740919995000000
816	245	0.704385346000000	0.826556444000000
801	232	0.684434392000000	0.812657822000000
664	212	0.489732340000000	0.657476954000000
798	294	0.711166756000000	0.831206840000000
797	242	0.686162154000000	0.813874457000000
711	264	0.600217461000000	0.750169868000000
700	235	0.566378055000000	0.723169038000000
773	212	0.644558523000000	0.783868150000000
761	267	0.663211983000000	0.797507461000000
623	202	0.400174249000000	0.571606354000000
745	235	0.627243236000000	0.770927446000000
762	205	0.627595578000000	0.771193516000000
693	278	0.581881870000000	0.735683088000000
790	237	0.676884402000000	0.807311943000000
672	225	0.513877085000000	0.678888781000000
787	275	0.693086478000000	0.818725431000000
782	287	0.693757100000000	0.819193141000000
737	220	0.607698894000000	0.755985958000000
782	291	0.695489627000000	0.820399743000000
701	219	0.556777613000000	0.715294989000000
642	298	0.505248728000000	0.671315934000000
714	240	0.590018602000000	0.742153081000000
694	236	0.557849499000000	0.716178937000000
702	211	0.552388330000000	0.711662564000000
814	270	0.714446217000000	0.833442554000000
694	228	0.552372911000000	0.711649768000000
805	200	0.668770851000000	0.801513103000000
744	224	0.619092817000000	0.764740367000000
804	232	0.687158913000000	0.814575210000000
804	270	0.706049121000000	0.827700811000000
684	205	0.518995038000000	0.683340005000000
740	271	0.641474146000000	0.781583003000000
739	238	0.621745019000000	0.766760510000000
640	244	0.467726782000000	0.637348569000000
737	256	0.629779194000000	0.772839899000000
794	236	0.680138385000000	0.809621864000000
759	224	0.636798981000000	0.778102856000000
636	251	0.464485376000000	0.634332557000000
748	294	0.661912410000000	0.796567143000000
625	270	0.454137136000000	0.624613903000000
790	205	0.657571813000000	0.793415776000000
757	260	0.655258299000000	0.791729363000000
653	236	0.487346528000000	0.655323449000000
639	239	0.462209862000000	0.632207283000000
628	272	0.461693560000000	0.631724149000000
716	271	0.610978568000000	0.758518555000000
762	280	0.670611578000000	0.802833629000000
777	271	0.681634777000000	0.810681114000000
796	288	0.706936094000000	0.828309972000000
683	299	0.577667223000000	0.732305539000000
787	295	0.701813200000000	0.824782884000000
791	292	0.704178779000000	0.826414209000000
726	240	0.606350270000000	0.754941536000000
816	218	0.689860992000000	0.816470698000000
797	238	0.684028307000000	0.812371508000000
628	245	0.443865552000000	0.614829478000000
787	243	0.677253735000000	0.807574574000000
720	233	0.593843178000000	0.745171402000000
711	297	0.617647730000000	0.763636877000000
629	300	0.480361569000000	0.648978708000000
678	267	0.551831672000000	0.711200425000000
745	276	0.649888513000000	0.787796882000000
626	225	0.425063565000000	0.596553831000000
637	287	0.489132071000000	0.656935783000000
738	267	0.636979532000000	0.778237626000000
793	202	0.658554247000000	0.794130488000000
625	282	0.461541100000000	0.631581418000000
718	281	0.618969532000000	0.764646301000000
785	232	0.669206633000000	0.801825993000000
792	207	0.660873199000000	0.795814153000000
712	267	0.603298289000000	0.752571487000000
723	285	0.627548975000000	0.771158330000000
753	242	0.640824251000000	0.781100414000000
730	290	0.638851661000000	0.779633296000000
708	264	0.595998023000000	0.746865615000000
780	274	0.685977217000000	0.813744350000000
727	202	0.581619476000000	0.735473336000000
784	216	0.658622450000000	0.794180074000000
643	297	0.506626456000000	0.672530943000000
813	210	0.682452724000000	0.811259317000000
746	215	0.615552916000000	0.762033740000000
656	278	0.520144897000000	0.684335944000000
755	292	0.668698728000000	0.801461302000000
782	270	0.686027190000000	0.813779510000000
696	205	0.538455697000000	0.699995064000000
737	231	0.614893661000000	0.761528360000000
673	223	0.514142252000000	0.679120144000000
687	296	0.582348880000000	0.736056236000000
726	206	0.583269834000000	0.736791445000000
822	260	0.716431548000000	0.834791867000000
700	207	0.546260417000000	0.706556814000000
651	289	0.517293987000000	0.681863885000000
798	244	0.688128916000000	0.815256358000000
740	299	0.655074502000000	0.791595184000000
697	214	0.546935107000000	0.707120944000000
753	268	0.654950085000000	0.791504337000000
674	247	0.532597713000000	0.695026110000000
718	201	0.568309380000000	0.724741416000000
671	280	0.547722926000000	0.707779044000000
670	233	0.516145889000000	0.680865730000000
818	283	0.723195287000000	0.839365442000000
655	242	0.495311182000000	0.662485760000000
810	257	0.705167009000000	0.827094361000000
738	291	0.649004618000000	0.787147120000000
784	264	0.685072921000000	0.813107745000000
678	253	0.543209622000000	0.703999786000000
696	217	0.547603986000000	0.707679731000000
777	268	0.680195913000000	0.809662621000000
632	290	0.480796655000000	0.649375663000000
784	296	0.699473175000000	0.823164714000000
625	244	0.436834947000000	0.608051673000000
821	292	0.729144825000000	0.843358884000000
675	288	0.558899506000000	0.717043663000000
623	249	0.436046772000000	0.607287702000000
675	253	0.538181708000000	0.699763500000000
710	273	0.603836830000000	0.752990352000000
805	248	0.696453574000000	0.821070007000000
806	232	0.688953233000000	0.815834588000000
678	254	0.543843703000000	0.704532074000000
796	259	0.693840095000000	0.819250999000000
632	266	0.466182406000000	0.635913246000000
649	263	0.497898891000000	0.664796395000000
627	292	0.471647909000000	0.640979281000000
818	299	0.729526960000000	0.843614441000000
766	283	0.676180278000000	0.806810922000000
742	242	0.627829102000000	0.771369797000000
671	274	0.544249712000000	0.704872674000000
736	219	0.605744595000000	0.754471909000000
631	268	0.465396896000000	0.635182042000000
744	300	0.660125914000000	0.795272104000000
814	244	0.702202356000000	0.825051561000000
822	264	0.718234182000000	0.836014310000000
635	255	0.465141163000000	0.634943819000000
803	214	0.675819897000000	0.806554330000000
786	205	0.653534688000000	0.790469885000000
631	271	0.467286187000000	0.636939394000000
740	238	0.622980180000000	0.767699061000000
786	208	0.655520212000000	0.791920518000000
654	279	0.517061755000000	0.681662106000000
813	299	0.725594320000000	0.840979032000000
705	202	0.549995910000000	0.709674014000000
779	248	0.672052963000000	0.803865641000000
658	272	0.520206447000000	0.684389213000000
751	258	0.647459717000000	0.786009770000000
774	264	0.675243244000000	0.806143522000000
746	258	0.641679062000000	0.781735087000000
728	284	0.633403369000000	0.775562707000000
715	246	0.595157329000000	0.746205177000000
645	299	0.511580381000000	0.676881478000000
795	231	0.678302611000000	0.808319795000000
667	260	0.528863684000000	0.691838899000000
745	272	0.647871321000000	0.786313000000000
679	262	0.550464141000000	0.710063686000000
815	292	0.724447459000000	0.840208213000000
644	252	0.481084211000000	0.649637890000000
687	205	0.523962583000000	0.687631821000000
650	220	0.469775091000000	0.639247589000000
673	266	0.542879410000000	0.703722412000000
627	290	0.470483811000000	0.639903422000000
697	245	0.568355372000000	0.724778813000000
800	280	0.707009907000000	0.828360637000000
760	271	0.664132397000000	0.798172547000000
803	287	0.712559822000000	0.832157584000000
712	247	0.591576559000000	0.743384358000000
813	233	0.695635117000000	0.820500956000000
700	297	0.602255531000000	0.751759653000000
744	260	0.640409960000000	0.780792577000000
667	236	0.512973307000000	0.678099613000000
702	272	0.591904539000000	0.743643258000000
649	215	0.463942541000000	0.633826162000000
673	243	0.528231509000000	0.691297760000000
699	241	0.568814206000000	0.725151779000000
816	210	0.685100872000000	0.813127431000000
687	238	0.548124340000000	0.708114104000000
623	230	0.422441806000000	0.593967084000000
719	289	0.624359498000000	0.768745464000000
624	277	0.456382153000000	0.626734065000000
671	247	0.527451853000000	0.690629760000000
634	219	0.437133289000000	0.608340635000000
742	263	0.639651183000000	0.780228367000000
674	262	0.542131078000000	0.703093382000000
733	265	0.629776348000000	0.772837756000000
747	230	0.626555530000000	0.770407795000000
767	248	0.659674094000000	0.794944135000000
677	247	0.537669091000000	0.699330037000000
814	209	0.682725630000000	0.811452108000000
692	212	0.537532153000000	0.699214195000000
709	216	0.566564888000000	0.723321316000000
793	299	0.708835313000000	0.829612202000000
696	244	0.566188583000000	0.723014571000000
754	251	0.647057342000000	0.785713194000000
636	230	0.449605518000000	0.620314303000000
734	278	0.637813013000000	0.778859379000000
731	218	0.598569081000000	0.748881094000000
775	204	0.641336021000000	0.781480468000000
815	227	0.694093642000000	0.819427716000000
788	203	0.654224074000000	0.790973949000000
765	220	0.640998321000000	0.781229709000000
632	267	0.466819212000000	0.636505451000000
801	217	0.675779551000000	0.806525597000000
820	217	0.692717233000000	0.818467751000000
721	227	0.591257938000000	0.743132743000000
795	260	0.693414525000000	0.818954266000000
743	234	0.624205481000000	0.768628709000000
800	289	0.710830045000000	0.830976808000000
694	214	0.542226179000000	0.703173356000000
694	295	0.592448921000000	0.744072746000000
719	251	0.603663156000000	0.752855304000000
671	277	0.545997258000000	0.706336645000000
823	299	0.733362866000000	0.846173505000000
637	239	0.458179530000000	0.628426776000000
777	202	0.642101064000000	0.782048168000000
651	277	0.510295648000000	0.675755967000000
715	242	0.592676747000000	0.744252402000000
744	276	0.648728932000000	0.786944317000000
749	283	0.657878661000000	0.793639096000000
677	202	0.504687369000000	0.670820237000000
772	242	0.661634604000000	0.796365943000000
711	204	0.560510673000000	0.718368266000000
786	289	0.698357605000000	0.822391707000000
668	261	0.531232635000000	0.693862739000000
772	211	0.642819453000000	0.782580766000000
769	250	0.662870295000000	0.797260372000000
704	299	0.608951281000000	0.756954282000000
768	250	0.661817526000000	0.796498431000000
629	284	0.471098769000000	0.640471978000000
755	234	0.638393921000000	0.779292346000000
801	279	0.707442510000000	0.828657487000000
811	287	0.719213884000000	0.836677613000000
817	281	0.721575697000000	0.838273563000000
730	300	0.643603662000000	0.783161631000000
815	245	0.703546963000000	0.825978947000000
709	280	0.606214116000000	0.754835996000000
807	226	0.686513234000000	0.814121372000000
736	257	0.629105681000000	0.772332560000000
783	268	0.686037592000000	0.813786828000000
735	287	0.643498269000000	0.783083598000000
637	280	0.484983623000000	0.653183801000000
765	282	0.674684240000000	0.805745016000000
734	283	0.640321565000000	0.780726876000000
630	219	0.428843486000000	0.600266566000000
766	247	0.658060234000000	0.793771204000000
626	256	0.447163002000000	0.617985675000000
803	275	0.707416963000000	0.828639961000000
772	204	0.638083623000000	0.779061111000000
652	262	0.502935107000000	0.669270555000000
691	273	0.576027483000000	0.730986597000000
685	274	0.567235346000000	0.723867474000000
636	236	0.453998858000000	0.624483101000000
687	258	0.560945549000000	0.718725326000000
652	209	0.464916079000000	0.634734079000000
801	257	0.697358069000000	0.821698240000000
685	239	0.545566515000000	0.705976106000000
764	222	0.641157181000000	0.781347684000000
679	211	0.515325585000000	0.680151633000000
786	276	0.692608568000000	0.818391897000000
663	272	0.529175200000000	0.692105391000000
735	270	0.634907934000000	0.776689526000000
713	237	0.586692529000000	0.739516344000000
730	259	0.622708433000000	0.767492693000000
726	278	0.627822688000000	0.771364956000000
659	255	0.511392135000000	0.676716682000000
670	299	0.556493044000000	0.715060111000000
629	247	0.447347772000000	0.618162104000000
677	277	0.556030385000000	0.714678056000000
673	248	0.531547833000000	0.694131547000000
704	254	0.584373248000000	0.737671188000000
703	206	0.550088442000000	0.709751040000000
678	209	0.512049087000000	0.677291619000000
693	282	0.584075908000000	0.737434242000000
634	290	0.484856446000000	0.653068446000000
735	239	0.617354064000000	0.763412388000000
806	272	0.708654878000000	0.829488608000000
811	294	0.722033448000000	0.838582374000000
691	289	0.584803639000000	0.738014004000000
706	240	0.578567837000000	0.733028791000000
723	244	0.604826177000000	0.753759112000000
735	268	0.633852805000000	0.775899522000000
788	204	0.654895621000000	0.791464564000000
700	293	0.600225295000000	0.750175987000000
643	245	0.474365661000000	0.643484413000000
634	277	0.477125773000000	0.646019156000000
727	247	0.611916432000000	0.759240888000000
747	248	0.637294324000000	0.778472526000000
783	288	0.695133931000000	0.820152223000000
673	255	0.536063945000000	0.697970871000000
722	228	0.593290694000000	0.744736283000000
680	222	0.525358132000000	0.688832506000000
729	256	0.619741846000000	0.765235333000000
681	211	0.518709479000000	0.683092436000000
634	218	0.436349673000000	0.607581401000000
646	205	0.449974692000000	0.620665581000000
708	262	0.594849799000000	0.745963412000000
683	253	0.551425427000000	0.710862949000000
689	292	0.583335559000000	0.736843881000000
768	206	0.635057212000000	0.776801212000000
687	259	0.561555705000000	0.719225966000000
773	286	0.684612632000000	0.812783448000000
720	292	0.627152669000000	0.770859036000000
629	221	0.428309892000000	0.599743647000000
690	269	0.572191717000000	0.727890512000000
639	219	0.447315648000000	0.618131433000000
730	291	0.639336066000000	0.779993901000000
742	209	0.606413181000000	0.754990296000000
756	279	0.663705502000000	0.797864167000000
704	284	0.601289393000000	0.751006527000000
764	293	0.678644434000000	0.808562457000000
644	293	0.506304868000000	0.672247536000000
750	280	0.657555073000000	0.793403591000000
708	262	0.594849799000000	0.745963412000000
693	218	0.543622333000000	0.704346292000000
637	216	0.440907721000000	0.611986062000000
680	241	0.538702741000000	0.700203785000000
754	300	0.671198075000000	0.803253767000000
769	281	0.678324288000000	0.808335187000000
678	232	0.529182779000000	0.692111874000000
823	210	0.691135077000000	0.817362358000000
666	246	0.518041220000000	0.682512719000000
726	286	0.631880876000000	0.774420346000000
728	296	0.639256072000000	0.779934365000000
627	219	0.422543279000000	0.594067379000000
769	257	0.666567301000000	0.799928453000000
633	297	0.486843301000000	0.654868339000000
789	298	0.704865540000000	0.826886958000000
665	226	0.502225862000000	0.668642279000000
670	235	0.517552975000000	0.682088841000000
755	217	0.627665326000000	0.771246172000000
733	204	0.591175402000000	0.743067547000000
669	280	0.544316289000000	0.704928509000000
726	228	0.598684887000000	0.748971723000000
688	271	0.570234291000000	0.726304723000000
783	208	0.652452687000000	0.789677904000000
796	244	0.686290553000000	0.813964773000000
694	298	0.593981428000000	0.745280236000000
798	232	0.681669615000000	0.810705752000000
668	229	0.509766371000000	0.675291729000000
704	298	0.608455269000000	0.756570954000000
636	272	0.478092385000000	0.646904604000000
734	279	0.638319232000000	0.779236695000000
624	243	0.434004291000000	0.605304034000000
710	276	0.605464954000000	0.754254962000000
687	275	0.570955264000000	0.726889272000000
784	221	0.661714889000000	0.796424096000000
649	299	0.519150235000000	0.683474515000000
703	284	0.599861165000000	0.749891526000000
708	261	0.594271690000000	0.745508678000000
654	230	0.484905332000000	0.653112790000000
756	280	0.664185259000000	0.798210723000000
802	255	0.697272553000000	0.821638872000000
690	218	0.538836593000000	0.700316844000000
648	280	0.506421668000000	0.672350483000000
662	243	0.508859893000000	0.674495883000000
638	276	0.484559233000000	0.652798787000000
730	225	0.601994131000000	0.751555975000000
780	214	0.653251296000000	0.790262554000000
659	231	0.494954759000000	0.662166873000000
695	214	0.543803335000000	0.704498199000000
738	269	0.638032704000000	0.779023157000000
647	290	0.510336836000000	0.675792080000000
666	262	0.528360766000000	0.691408439000000
807	261	0.704493400000000	0.826630833000000
724	266	0.618863568000000	0.764565440000000
772	239	0.659951054000000	0.795145197000000
738	268	0.637507350000000	0.778631437000000
790	238	0.677433238000000	0.807702175000000
736	290	0.646147815000000	0.785042278000000
659	261	0.515231440000000	0.680069627000000
635	246	0.459032603000000	0.629228712000000
642	246	0.473081952000000	0.642302285000000
781	294	0.695829071000000	0.820635856000000
703	267	0.590538567000000	0.742564285000000
669	296	0.553200792000000	0.712336479000000
734	298	0.647524763000000	0.786057700000000
808	250	0.700065355000000	0.823574638000000
726	232	0.601293681000000	0.751009872000000
629	287	0.472877823000000	0.642114120000000
712	241	0.587833772000000	0.740422307000000
681	277	0.562550941000000	0.720041729000000
653	252	0.498329169000000	0.665179827000000
818	276	0.720273786000000	0.837394363000000
693	273	0.579085415000000	0.733444068000000
695	265	0.577525354000000	0.732191534000000
704	282	0.600230495000000	0.750180049000000
743	247	0.631962706000000	0.774481799000000
635	294	0.489172530000000	0.656972271000000
662	252	0.514870139000000	0.679754819000000
637	292	0.492027825000000	0.659542425000000
684	245	0.547916224000000	0.707940411000000
647	247	0.483540767000000	0.651873919000000
739	252	0.629976780000000	0.772988656000000
751	206	0.615367557000000	0.761891687000000
791	224	0.670439550000000	0.802710340000000
668	278	0.541446044000000	0.702517025000000
626	299	0.473569986000000	0.642751944000000
761	246	0.652086595000000	0.789409704000000
742	200	0.599841098000000	0.749875845000000
672	227	0.515336549000000	0.680161181000000
738	284	0.645630169000000	0.784660103000000
652	270	0.507929296000000	0.673677867000000
704	205	0.550832712000000	0.710370252000000
738	210	0.602048535000000	0.751598371000000
641	292	0.499917810000000	0.666593605000000
666	203	0.486075643000000	0.654173487000000
810	299	0.723187066000000	0.839359905000000
805	247	0.695949762000000	0.820719785000000
823	240	0.707651503000000	0.828800843000000
797	293	0.709890756000000	0.830334632000000
697	212	0.545429847000000	0.705861671000000
776	242	0.665767648000000	0.799352358000000
787	268	0.689834368000000	0.816452051000000
752	284	0.661702806000000	0.796415344000000
710	213	0.565837952000000	0.722728621000000
778	258	0.676242338000000	0.806855098000000
687	266	0.565750347000000	0.722657157000000
696	217	0.547603986000000	0.707679731000000
638	252	0.469194000000000	0.638709388000000
756	234	0.639538055000000	0.780144203000000
649	235	0.479004214000000	0.647738809000000
690	272	0.573916692000000	0.729284713000000
695	209	0.539997055000000	0.701296218000000
806	271	0.708209559000000	0.829183463000000
790	256	0.686830390000000	0.814344339000000
625	272	0.455395019000000	0.625802635000000
809	263	0.707126213000000	0.828440461000000
702	202	0.545420072000000	0.705853486000000
797	241	0.685632999000000	0.813502108000000
686	239	0.547184679000000	0.707329495000000
718	213	0.577330666000000	0.732035049000000
687	203	0.522356882000000	0.686247605000000
637	219	0.443266846000000	0.614254872000000
710	217	0.568751906000000	0.725101151000000
693	280	0.582983598000000	0.736563030000000
674	209	0.505147612000000	0.671226673000000
674	284	0.555024158000000	0.713846348000000
685	284	0.572831158000000	0.728407693000000
771	218	0.646285412000000	0.785143824000000
792	280	0.699922076000000	0.823475483000000
683	253	0.551425427000000	0.710862949000000
693	237	0.556960820000000	0.715446160000000
699	276	0.589736970000000	0.741930245000000
636	258	0.469152843000000	0.638671252000000
714	294	0.620217289000000	0.765597668000000
642	298	0.505248728000000	0.671315934000000
815	300	0.727562479000000	0.842299469000000
673	265	0.542273416000000	0.703213075000000
769	206	0.636165295000000	0.777629616000000
781	254	0.677171083000000	0.807515810000000
626	219	0.420427594000000	0.591973285000000
692	236	0.554723679000000	0.713597775000000
652	279	0.513353258000000	0.678431497000000
823	254	0.714458950000000	0.833451218000000
648	225	0.469718454000000	0.639195150000000
687	292	0.580254736000000	0.734381265000000
787	213	0.659755966000000	0.795003578000000
815	206	0.681748247000000	0.810761359000000
665	222	0.499251073000000	0.666000621000000
633	280	0.476912793000000	0.645823905000000
671	282	0.548861450000000	0.708728918000000
664	299	0.546227798000000	0.706529528000000
786	295	0.700898310000000	0.824150751000000
761	270	0.664710183000000	0.798589676000000
690	213	0.535083080000000	0.697138919000000
676	270	0.550302455000000	0.709929154000000
793	208	0.662506739000000	0.796997358000000
792	300	0.708355815000000	0.829283700000000
779	292	0.693078340000000	0.818719753000000
668	203	0.489679363000000	0.657429210000000
775	253	0.670656049000000	0.802865496000000
815	224	0.692422840000000	0.818262226000000
790	202	0.655565150000000	0.791953309000000
728	214	0.591789483000000	0.743552447000000
644	273	0.494525212000000	0.661782362000000
720	266	0.613599616000000	0.760535154000000
779	210	0.649614574000000	0.787595580000000
630	223	0.431945639000000	0.603298935000000
738	269	0.638032704000000	0.779023157000000
720	300	0.631023987000000	0.773776464000000
671	268	0.540687031000000	0.701877824000000
817	237	0.701151481000000	0.824325745000000
689	242	0.553977316000000	0.712979926000000
804	298	0.717867454000000	0.835765824000000
666	271	0.533854049000000	0.696094977000000
772	247	0.664382168000000	0.798352904000000
656	281	0.521905973000000	0.685858367000000
783	204	0.649781122000000	0.787717975000000
660	247	0.507937103000000	0.673684734000000
803	213	0.675207143000000	0.806117794000000
802	221	0.679087081000000	0.808876548000000
698	266	0.582612604000000	0.736266857000000
809	231	0.691067178000000	0.817314873000000
762	264	0.662766857000000	0.797185552000000
679	242	0.537708255000000	0.699363164000000
716	213	0.574499402000000	0.729754996000000
634	249	0.459054797000000	0.629249564000000
663	268	0.526758802000000	0.690035389000000
793	290	0.705126277000000	0.827066343000000
745	266	0.644774214000000	0.784027630000000
784	274	0.689806947000000	0.816432845000000
666	202	0.485245335000000	0.653421120000000
810	249	0.701292248000000	0.824423022000000
803	260	0.700557764000000	0.823915281000000
688	242	0.552386199000000	0.711660796000000
703	238	0.572852816000000	0.728425203000000
691	216	0.538952407000000	0.700414652000000
677	283	0.559423735000000	0.717474953000000
719	229	0.589839974000000	0.742011754000000
771	203	0.636294344000000	0.777726020000000
780	238	0.667605967000000	0.800675915000000
778	223	0.656802762000000	0.792855707000000
697	300	0.599409545000000	0.749538537000000
682	279	0.565290520000000	0.722281919000000
714	261	0.602666493000000	0.752079732000000
775	231	0.658474260000000	0.794072330000000
816	207	0.683254814000000	0.811825766000000
732	267	0.629606068000000	0.772709528000000
664	218	0.494407317000000	0.661676788000000
817	216	0.689559514000000	0.816259514000000
705	211	0.556930621000000	0.715421244000000
766	253	0.661306788000000	0.796128437000000
795	203	0.661189577000000	0.796043493000000
699	261	0.581183253000000	0.735124473000000
633	240	0.450729717000000	0.621383448000000
711	237	0.583851382000000	0.737255261000000
820	294	0.729152098000000	0.843363749000000
757	202	0.619657806000000	0.765171265000000
628	292	0.473728034000000	0.642897500000000
815	280	0.719556254000000	0.836909234000000
758	217	0.631145978000000	0.773868172000000
739	275	0.642331792000000	0.782219275000000
776	247	0.668491730000000	0.801312609000000
750	244	0.638512377000000	0.779380596000000
758	288	0.670093459000000	0.802462228000000
819	222	0.694724297000000	0.819867040000000
661	260	0.518216654000000	0.682664958000000
752	236	0.636132108000000	0.777604822000000
819	278	0.721912018000000	0.838500469000000
751	219	0.624269649000000	0.768677355000000
780	215	0.653889645000000	0.790729474000000
633	238	0.449301351000000	0.620024746000000
683	287	0.571307753000000	0.727174867000000
768	296	0.684031277000000	0.812373602000000
689	226	0.543038412000000	0.703855987000000
654	266	0.509183743000000	0.674780318000000
780	259	0.678723982000000	0.808618914000000
642	232	0.463145053000000	0.633081528000000
645	271	0.495232275000000	0.662415175000000
631	240	0.446598651000000	0.617446519000000
755	248	0.646520271000000	0.785317111000000
807	280	0.712981941000000	0.832445368000000
628	295	0.475456503000000	0.644487319000000
718	283	0.620001836000000	0.765433498000000
676	256	0.541765812000000	0.702786127000000
765	293	0.679671790000000	0.809291189000000
699	273	0.588071746000000	0.740611056000000
697	278	0.587881651000000	0.740460286000000
729	234	0.606530207000000	0.755080987000000
776	268	0.679204837000000	0.808960077000000
703	298	0.607042271000000	0.755477665000000
804	285	0.712570865000000	0.832165115000000
764	273	0.669365096000000	0.801939729000000
765	278	0.672808077000000	0.804405581000000
632	273	0.470587156000000	0.639999002000000
630	254	0.454199248000000	0.624672649000000
634	266	0.470270833000000	0.639706403000000
630	231	0.437982238000000	0.609162236000000
721	268	0.616023254000000	0.762394047000000
708	252	0.588944854000000	0.741303076000000
796	241	0.684708161000000	0.812850767000000
710	256	0.594179158000000	0.745435863000000
739	258	0.633332111000000	0.775509288000000
753	293	0.666981535000000	0.800226662000000
693	297	0.591981519000000	0.743704009000000
623	238	0.428305061000000	0.599738912000000
796	255	0.691883535000000	0.817885535000000
730	259	0.622708433000000	0.767492693000000
701	282	0.595916572000000	0.746801659000000
771	212	0.642395899000000	0.782266808000000
774	209	0.643646778000000	0.783193550000000
716	204	0.567768979000000	0.724301841000000
819	203	0.683375707000000	0.811911095000000
797	296	0.711115724000000	0.831171982000000
705	243	0.579023840000000	0.733394678000000
673	270	0.545277220000000	0.705733849000000
662	259	0.519379761000000	0.683673397000000
681	206	0.514761036000000	0.679659727000000
807	288	0.716332240000000	0.834724447000000
740	218	0.610144511000000	0.757875466000000
738	237	0.619891440000000	0.765349362000000
801	202	0.666317967000000	0.799748883000000
753	273	0.657467965000000	0.793340178000000
705	275	0.597881796000000	0.748342959000000
718	210	0.575133197000000	0.730266111000000
796	215	0.669833686000000	0.802275929000000
817	255	0.710066292000000	0.830454697000000
783	228	0.664895435000000	0.798723357000000
792	257	0.689192245000000	0.816002142000000
767	238	0.654075326000000	0.790865223000000
649	246	0.486707483000000	0.654745454000000
709	251	0.589767759000000	0.741954610000000
677	214	0.514241397000000	0.679206629000000
683	234	0.538898097000000	0.700368787000000
707	221	0.567206423000000	0.723843923000000
665	200	0.481754994000000	0.650249192000000
736	219	0.605744595000000	0.754471909000000
679	247	0.541008950000000	0.702149004000000
709	244	0.585450557000000	0.738528937000000
715	274	0.611248849000000	0.758726809000000
675	243	0.531645379000000	0.694214713000000
794	233	0.678478770000000	0.808444863000000
788	219	0.664492338000000	0.798432438000000
690	274	0.575054120000000	0.730202363000000
733	253	0.623109060000000	0.767796910000000
721	225	0.589912657000000	0.742069263000000
633	212	0.429506605000000	0.600915873000000
735	247	0.622144295000000	0.767064060000000
796	265	0.696702261000000	0.821242804000000
731	267	0.628354644000000	0.771766330000000
808	210	0.677954059000000	0.808072253000000
737	204	0.596407481000000	0.747187029000000
773	296	0.688995195000000	0.815864009000000
800	298	0.714496672000000	0.833476884000000
806	252	0.699315455000000	0.823055487000000
714	267	0.606053824000000	0.754711723000000
656	200	0.465056272000000	0.634864723000000
675	242	0.530974785000000	0.693642757000000
663	290	0.539566042000000	0.700932636000000
776	243	0.666318197000000	0.799749049000000
653	232	0.484472731000000	0.652720284000000
689	259	0.564707970000000	0.721806216000000
644	259	0.485696710000000	0.653830229000000
753	248	0.644248919000000	0.783639158000000
775	287	0.687027522000000	0.814482886000000
661	297	0.539893328000000	0.701208738000000
801	207	0.669569331000000	0.802086285000000
672	277	0.547690694000000	0.707752132000000
628	256	0.451366912000000	0.621988704000000
765	222	0.642265913000000	0.782170424000000
683	273	0.563476159000000	0.720799170000000
792	227	0.673160462000000	0.804657386000000
783	223	0.661918802000000	0.796571771000000
623	254	0.439450204000000	0.610580627000000
795	224	0.674283935000000	0.805459482000000
747	280	0.654161309000000	0.790928074000000
729	203	0.585088219000000	0.738240575000000
674	280	0.552768571000000	0.711978052000000
793	242	0.682439773000000	0.811250166000000
743	265	0.641899348000000	0.781898536000000
667	224	0.504328362000000	0.670503029000000
816	209	0.684489334000000	0.812696549000000
701	207	0.547801366000000	0.707844531000000
698	242	0.567947426000000	0.724447028000000
767	223	0.645092806000000	0.784263117000000
738	268	0.637507350000000	0.778631437000000
753	288	0.664682575000000	0.798569751000000
748	263	0.646679200000000	0.785434346000000
706	216	0.562128208000000	0.719695355000000
669	239	0.518578746000000	0.682979065000000
659	221	0.487538037000000	0.655496565000000
781	293	0.695403614000000	0.820339898000000
736	202	0.593619169000000	0.744995016000000
724	251	0.610348805000000	0.758033046000000
779	220	0.655993763000000	0.792265983000000
712	253	0.595210882000000	0.746247269000000
684	249	0.550504281000000	0.710097079000000
772	264	0.673216614000000	0.804697501000000
644	206	0.446857114000000	0.617693495000000
797	202	0.662473307000000	0.796973165000000
705	215	0.559902145000000	0.717868293000000
676	261	0.544875615000000	0.705397392000000
799	252	0.693114014000000	0.818744643000000
808	280	0.713818130000000	0.833015030000000
799	215	0.672687594000000	0.804319464000000
632	247	0.453573996000000	0.624081054000000
687	260	0.562163088000000	0.719723942000000
698	276	0.588261918000000	0.740761849000000
638	290	0.492864017000000	0.660293251000000
668	209	0.494558466000000	0.661812137000000
755	248	0.646520271000000	0.785317111000000
676	221	0.517830792000000	0.682330066000000
699	207	0.544712117000000	0.705260366000000
739	219	0.609560786000000	0.757424996000000
647	283	0.506288083000000	0.672232740000000
703	269	0.591672205000000	0.743459869000000
673	204	0.499370625000000	0.666106988000000
721	294	0.629427651000000	0.772575144000000
682	291	0.571875837000000	0.727634872000000
810	212	0.680993102000000	0.810227123000000
779	209	0.648955536000000	0.787111019000000
689	251	0.559764941000000	0.717755511000000
676	262	0.545489275000000	0.705911434000000
750	231	0.630746171000000	0.773567564000000
820	216	0.692135993000000	0.818061900000000
630	228	0.435744094000000	0.606994096000000
815	264	0.712585361000000	0.832175000000000
779	286	0.690461590000000	0.816891190000000
705	209	0.555419920000000	0.714173598000000
698	216	0.549976346000000	0.709657728000000
800	248	0.692002499000000	0.817968649000000
802	275	0.706554704000000	0.828048116000000
744	282	0.651692962000000	0.789121195000000
666	218	0.498016909000000	0.664901586000000
786	208	0.655520212000000	0.791920518000000
686	257	0.558742288000000	0.716914261000000
651	201	0.456354298000000	0.626707798000000
623	253	0.438775086000000	0.609928668000000
671	248	0.528110968000000	0.691194526000000
645	260	0.488289930000000	0.656175816000000
643	290	0.502663888000000	0.669030370000000
792	272	0.696324588000000	0.820980363000000
775	228	0.656698552000000	0.792779774000000
700	216	0.553058535000000	0.712218532000000
647	251	0.486242966000000	0.654325002000000
761	276	0.667643699000000	0.800703051000000
717	283	0.618674053000000	0.764420795000000
705	288	0.604796483000000	0.753736052000000
658	240	0.499493060000000	0.666215901000000
760	271	0.664132397000000	0.798172547000000
817	256	0.710537188000000	0.830776663000000
796	231	0.679243626000000	0.808987589000000
790	254	0.685829110000000	0.813640132000000
789	265	0.690282697000000	0.816765974000000
793	282	0.701700253000000	0.824704882000000
755	291	0.668243061000000	0.801133932000000
822	237	0.705305687000000	0.827189744000000
781	247	0.673513783000000	0.804909753000000
784	242	0.673789459000000	0.805106587000000
761	204	0.625743621000000	0.769793727000000
772	241	0.661076391000000	0.795961456000000
785	272	0.689825648000000	0.816445944000000
741	226	0.616690828000000	0.762905087000000
674	232	0.522375144000000	0.686263364000000
679	219	0.521444390000000	0.685459677000000
794	201	0.658869122000000	0.794359378000000
626	230	0.428832033000000	0.600255346000000
673	202	0.497727001000000	0.664643157000000
754	264	0.654012323000000	0.790819166000000
776	227	0.657143740000000	0.793104092000000
783	276	0.689778801000000	0.816413131000000
718	200	0.567528806000000	0.724106382000000
673	289	0.556127543000000	0.714758306000000
727	286	0.633143818000000	0.775368110000000
695	249	0.567835091000000	0.724355634000000
808	294	0.719588518000000	0.836931057000000
679	222	0.523673849000000	0.687383129000000
745	230	0.624145021000000	0.768582870000000
756	247	0.647087409000000	0.785735360000000
807	274	0.710385259000000	0.830672803000000
725	232	0.599960298000000	0.749968982000000
656	290	0.527063512000000	0.690296779000000
646	246	0.480919900000000	0.649488065000000
781	236	0.667488925000000	0.800591734000000
775	225	0.654892889000000	0.791462570000000
803	245	0.693160297000000	0.818776932000000
747	299	0.663060980000000	0.797398277000000
772	247	0.664382168000000	0.798352904000000
769	210	0.638879220000000	0.779653817000000
690	288	0.582747809000000	0.736374811000000
674	259	0.540275673000000	0.701531139000000
770	237	0.656703775000000	0.792783580000000
739	281	0.645342627000000	0.784447709000000
729	201	0.583570319000000	0.737031140000000
766	242	0.655277137000000	0.791743113000000
653	200	0.459348729000000	0.629525651000000
781	291	0.694546991000000	0.819743559000000
712	257	0.597576141000000	0.748103487000000
732	290	0.641309497000000	0.781460777000000
717	256	0.603888796000000	0.753030755000000
766	231	0.648888972000000	0.787062056000000
654	238	0.490647216000000	0.658300919000000
654	210	0.469542730000000	0.639032429000000
702	210	0.551631376000000	0.711034057000000
668	272	0.537925603000000	0.699546977000000
720	242	0.599555150000000	0.749652364000000
786	254	0.682029345000000	0.810960103000000
802	232	0.685347004000000	0.813300766000000
723	260	0.614217711000000	0.761009753000000
652	215	0.469717808000000	0.639194552000000
653	282	0.516973807000000	0.681585673000000
783	292	0.696854733000000	0.821348722000000
796	293	0.709019559000000	0.829738379000000
656	284	0.523645809000000	0.687358972000000
661	266	0.521962771000000	0.685907410000000
672	213	0.504802324000000	0.670921776000000
800	300	0.715291679000000	0.834017547000000
666	229	0.506209527000000	0.672163491000000
743	231	0.622339026000000	0.767212051000000
682	239	0.540664258000000	0.701858637000000
693	214	0.540641477000000	0.701839442000000
714	267	0.606053824000000	0.754711723000000
648	263	0.495991236000000	0.663093772000000
634	209	0.429126245000000	0.600543509000000
780	256	0.677208067000000	0.807542106000000
673	206	0.500996454000000	0.667551815000000
628	245	0.443865552000000	0.614829478000000
788	257	0.685443431000000	0.813368658000000
770	282	0.679798125000000	0.809380740000000
626	241	0.436836035000000	0.608052727000000
788	241	0.677142412000000	0.807495425000000
770	209	0.639305499000000	0.779971152000000
774	297	0.690399273000000	0.816847575000000
760	248	0.652098572000000	0.789418480000000
808	267	0.708108405000000	0.829114128000000
818	269	0.717252486000000	0.835348898000000
645	242	0.476205235000000	0.645174836000000
716	244	0.595310425000000	0.746325500000000
719	295	0.627319045000000	0.770984702000000
735	220	0.605138390000000	0.754001516000000
786	293	0.700058974000000	0.823570223000000
633	269	0.470132233000000	0.639578158000000
803	277	0.708294395000000	0.829241607000000
694	229	0.553069706000000	0.712227795000000
805	208	0.673948280000000	0.805219956000000
718	205	0.571386185000000	0.727238396000000
784	278	0.691638152000000	0.817714061000000
644	215	0.454154932000000	0.624630735000000
655	209	0.470630285000000	0.640038887000000
761	202	0.624322697000000	0.768717569000000
807	209	0.676418569000000	0.806980525000000
634	205	0.425813115000000	0.597291623000000
701	273	0.591005617000000	0.742933413000000
713	282	0.612771797000000	0.759898949000000
731	287	0.638621218000000	0.779461673000000
700	214	0.551576793000000	0.710988712000000
644	207	0.447684320000000	0.618483345000000
725	261	0.617397360000000	0.763445490000000
743	286	0.652470292000000	0.789690798000000
733	297	0.645853657000000	0.784825132000000
800	285	0.709151802000000	0.829828926000000
730	284	0.635900541000000	0.777431787000000
801	253	0.695402917000000	0.820339413000000
717	272	0.612868966000000	0.759973661000000
706	255	0.587875281000000	0.740455233000000
811	299	0.723993513000000	0.839902827000000
721	285	0.624960094000000	0.769200544000000
764	253	0.659170541000000	0.794578405000000
676	266	0.547916951000000	0.707941018000000
690	201	0.525645525000000	0.689079496000000
728	201	0.582216219000000	0.735950260000000
742	204	0.602805730000000	0.752188140000000
676	225	0.520778014000000	0.684883670000000
776	217	0.650980972000000	0.788599001000000
815	287	0.722442432000000	0.838858145000000
797	218	0.672617505000000	0.804269360000000
790	272	0.694491177000000	0.819704683000000
782	255	0.678663288000000	0.808575839000000
799	238	0.685871179000000	0.813669736000000
731	214	0.595779859000000	0.746694296000000
629	223	0.429854209000000	0.601255997000000
636	296	0.492312285000000	0.659797939000000
751	271	0.654226538000000	0.790975749000000
644	267	0.490803972000000	0.658441997000000
710	211	0.564356556000000	0.721519086000000
707	252	0.587509781000000	0.740165243000000
761	221	0.637160627000000	0.778372771000000
811	255	0.705061787000000	0.827021979000000
687	255	0.559098223000000	0.717207184000000
738	258	0.632114922000000	0.774596095000000
766	210	0.635554876000000	0.777173405000000
730	251	0.618148732000000	0.764019672000000
746	282	0.653992864000000	0.790804940000000
770	227	0.650803137000000	0.788468500000000
642	211	0.446976525000000	0.617807569000000
728	214	0.591789483000000	0.743552447000000
780	200	0.643897537000000	0.783379162000000
671	242	0.524109932000000	0.687758699000000
670	246	0.525056743000000	0.688573386000000
683	210	0.521283149000000	0.685320349000000
652	200	0.457430543000000	0.627721911000000
789	287	0.700249243000000	0.823701873000000
657	210	0.475206748000000	0.644257828000000
739	201	0.596756395000000	0.747460786000000
741	272	0.643178514000000	0.782846792000000
765	252	0.659705982000000	0.794967288000000
669	244	0.521977882000000	0.685920457000000
716	261	0.605407497000000	0.754210377000000
682	234	0.537250583000000	0.698975937000000
810	245	0.699293195000000	0.823040070000000
680	229	0.530421937000000	0.693170850000000
803	207	0.671451245000000	0.803435035000000
762	294	0.677018033000000	0.807406980000000
728	265	0.623474852000000	0.768074542000000
740	222	0.612825008000000	0.759939863000000
645	217	0.457705694000000	0.627980937000000
808	274	0.711227223000000	0.831248140000000
690	243	0.556214899000000	0.714830451000000
816	209	0.684489334000000	0.812696549000000
633	296	0.486276515000000	0.654355378000000
688	237	0.549055061000000	0.708890309000000
656	227	0.486454809000000	0.654516782000000
635	262	0.469735210000000	0.639210664000000
674	206	0.502744409000000	0.669101686000000
671	293	0.554959186000000	0.713792607000000
676	202	0.502958949000000	0.669291666000000
777	295	0.692448918000000	0.818280434000000
757	232	0.639470702000000	0.780094090000000
722	246	0.604704541000000	0.753664647000000
792	284	0.701670809000000	0.824684545000000
794	251	0.688045531000000	0.815197835000000
803	211	0.673970455000000	0.805235783000000
809	210	0.678862411000000	0.808717149000000
814	229	0.694331479000000	0.819593435000000
730	271	0.629229944000000	0.772426196000000
639	272	0.484092450000000	0.652375059000000
717	221	0.581612038000000	0.735467389000000
641	238	0.465494399000000	0.635272846000000
704	290	0.604412261000000	0.753437599000000
734	258	0.627182913000000	0.770881882000000
745	288	0.655724616000000	0.792069659000000
820	218	0.693294996000000	0.818870897000000
700	228	0.561623556000000	0.719281614000000
774	211	0.644974160000000	0.784175430000000
629	294	0.476952087000000	0.645859931000000
728	249	0.614402460000000	0.761151541000000
763	281	0.672133379000000	0.803923165000000
797	285	0.706541873000000	0.828039305000000
625	232	0.428194386000000	0.599630401000000
673	287	0.555025271000000	0.713847269000000
781	232	0.665208152000000	0.798948950000000
809	282	0.715495682000000	0.834156202000000
803	282	0.710451998000000	0.830718429000000
674	279	0.552198774000000	0.711505232000000
758	274	0.663450802000000	0.797680101000000
753	260	0.650794876000000	0.788462437000000
793	234	0.678088265000000	0.808167579000000
742	299	0.657386690000000	0.793281005000000
735	241	0.618570029000000	0.764341385000000
710	251	0.591189447000000	0.743078642000000
686	274	0.568815220000000	0.725152603000000
667	257	0.526970690000000	0.690217165000000
799	294	0.712028223000000	0.831794960000000
677	297	0.567022166000000	0.723693868000000
798	248	0.690191061000000	0.816701824000000
693	211	0.538363186000000	0.699916887000000
689	239	0.551991772000000	0.711333374000000
699	276	0.589736970000000	0.741930245000000
663	273	0.529772951000000	0.692616444000000
670	284	0.548295564000000	0.708256972000000
706	251	0.585458967000000	0.738535628000000
639	204	0.435178821000000	0.606445434000000
751	230	0.631304557000000	0.773987364000000
703	210	0.553153995000000	0.712297682000000
642	228	0.460187903000000	0.630313266000000
736	227	0.611059097000000	0.758580611000000
671	262	0.537030814000000	0.698789912000000
720	289	0.625666724000000	0.769735537000000
677	292	0.564357968000000	0.721520240000000
821	291	0.728752787000000	0.843096587000000
806	293	0.717536138000000	0.835541241000000
808	298	0.721170785000000	0.838000263000000
757	283	0.666693292000000	0.800019170000000
633	280	0.476912793000000	0.645823905000000
801	247	0.692393354000000	0.818241637000000
780	300	0.697404000000000	0.821730124000000
710	214	0.566572486000000	0.723327508000000
810	230	0.691399131000000	0.817546986000000
698	284	0.592606394000000	0.744196930000000
789	220	0.666089629000000	0.799584389000000
798	231	0.681111870000000	0.810311178000000
712	263	0.601041299000000	0.750812986000000
698	218	0.551446935000000	0.710880821000000
726	251	0.612975480000000	0.760055546000000
797	270	0.699917220000000	0.823472122000000
810	269	0.710691569000000	0.830882179000000
641	233	0.461887051000000	0.631905250000000
802	237	0.688066723000000	0.815212709000000
740	234	0.620522264000000	0.765829977000000
741	221	0.613411111000000	0.760390339000000
706	263	0.592573416000000	0.744170925000000
775	241	0.664187501000000	0.798212341000000
633	272	0.472010719000000	0.641314241000000
802	263	0.701096143000000	0.824287500000000
778	258	0.676242338000000	0.806855098000000
778	203	0.643856352000000	0.783348680000000
817	212	0.687184597000000	0.814593256000000
794	279	0.701280676000000	0.824415025000000
722	294	0.630715650000000	0.773544609000000
667	234	0.511567216000000	0.676869954000000
801	273	0.704798304000000	0.826840691000000
769	297	0.685466069000000	0.813384596000000
709	263	0.596840148000000	0.747526480000000
732	245	0.617171050000000	0.763272444000000
657	249	0.503777616000000	0.670016113000000
702	231	0.566698334000000	0.723430059000000
662	279	0.531537914000000	0.694123089000000
726	210	0.586216505000000	0.739138072000000
636	202	0.427390207000000	0.598841445000000
774	263	0.674746198000000	0.805789198000000
821	250	0.710950987000000	0.831059443000000
776	226	0.656543113000000	0.792666497000000
684	288	0.573431048000000	0.728892504000000
667	242	0.517112307000000	0.681706034000000
735	253	0.625612495000000	0.769694496000000
726	220	0.593296198000000	0.744740618000000
687	233	0.544721471000000	0.705268206000000
672	233	0.519629245000000	0.683889504000000
749	239	0.634415076000000	0.776320637000000
790	247	0.682242535000000	0.811110789000000
811	246	0.700654945000000	0.823982486000000
661	202	0.476093944000000	0.645072688000000
806	235	0.690580292000000	0.816974260000000
774	246	0.665905835000000	0.799451951000000
735	257	0.627868333000000	0.771399407000000
773	275	0.679556602000000	0.809209527000000
705	242	0.578386999000000	0.732883633000000
781	241	0.670271224000000	0.802589680000000
664	283	0.537372769000000	0.699079339000000
681	249	0.545610616000000	0.706013028000000
642	212	0.447784152000000	0.618578607000000
658	273	0.520808804000000	0.684910296000000
796	206	0.664136034000000	0.798175174000000
733	248	0.620214056000000	0.765595205000000
666	290	0.544790694000000	0.705326225000000
651	232	0.480670760000000	0.649260826000000
686	240	0.547853113000000	0.707887729000000
738	200	0.594712966000000	0.745855811000000
817	220	0.691877963000000	0.817881641000000
796	210	0.666706897000000	0.800028965000000
643	276	0.494409417000000	0.661678669000000
769	290	0.682404293000000	0.811225097000000
762	278	0.669662783000000	0.802153333000000
767	206	0.633943710000000	0.775967625000000
633	275	0.473867022000000	0.643025477000000
682	237	0.539308782000000	0.700715526000000
711	227	0.577209458000000	0.731937607000000
724	257	0.613828116000000	0.760710648000000
791	203	0.657238044000000	0.793172769000000
780	287	0.691859026000000	0.817868411000000
817	259	0.711935470000000	0.831731666000000
644	272	0.493911306000000	0.661232436000000
816	258	0.710650893000000	0.830854380000000
652	237	0.486163646000000	0.654253180000000
804	212	0.675518537000000	0.806339676000000
654	237	0.489941157000000	0.657665109000000
775	212	0.646700069000000	0.785449738000000
798	228	0.679419740000000	0.809112486000000
767	269	0.670546305000000	0.802786853000000
630	241	0.445231178000000	0.616138352000000
717	244	0.596690625000000	0.747409192000000
692	221	0.544232502000000	0.704858241000000
710	257	0.594768609000000	0.745899569000000
694	244	0.563112028000000	0.720501177000000
654	293	0.525094336000000	0.688605712000000
783	277	0.690236544000000	0.816733665000000
802	278	0.707870669000000	0.828951140000000
729	206	0.587331623000000	0.740023842000000
675	272	0.549815188000000	0.709523551000000
795	232	0.678863889000000	0.808718198000000
625	297	0.470338065000000	0.639768603000000
805	239	0.691821141000000	0.817841939000000
809	269	0.709853058000000	0.830308844000000
737	259	0.631443539000000	0.774091807000000
732	288	0.640338724000000	0.780739630000000
734	208	0.595430997000000	0.746420244000000
735	216	0.602401287000000	0.751873194000000
770	251	0.664452780000000	0.798403882000000
699	277	0.590287190000000	0.742365522000000
807	241	0.694635273000000	0.819805045000000
707	205	0.555353996000000	0.714119097000000
637	262	0.473774637000000	0.642940414000000
764	263	0.664391686000000	0.798359775000000
664	245	0.513810916000000	0.678831036000000
768	294	0.683160287000000	0.811759037000000
700	234	0.565709173000000	0.722623566000000
794	270	0.697222672000000	0.821604240000000
774	253	0.669638164000000	0.802135670000000
672	264	0.539966713000000	0.701270629000000
714	283	0.614648458000000	0.761340284000000
634	244	0.455600384000000	0.625996516000000
757	218	0.630648633000000	0.773494203000000
795	258	0.692443969000000	0.818276979000000
656	205	0.469245666000000	0.638757257000000
762	250	0.655387583000000	0.791823727000000
656	215	0.477304408000000	0.646182879000000
748	249	0.639034878000000	0.779769713000000
687	277	0.572084448000000	0.727803712000000
739	290	0.649709991000000	0.787665704000000
632	278	0.473659733000000	0.642834600000000
634	241	0.453491645000000	0.624003098000000
756	295	0.671128653000000	0.803204052000000
683	250	0.549521654000000	0.709279090000000
727	210	0.587571698000000	0.740214377000000
693	296	0.591469625000000	0.743299923000000
641	240	0.466914735000000	0.636594239000000
653	275	0.512829396000000	0.677973864000000
644	231	0.466365561000000	0.636083625000000
650	256	0.495294341000000	0.662470696000000
687	206	0.524758759000000	0.688317094000000
641	255	0.477178178000000	0.646067191000000
680	203	0.510643252000000	0.676060680000000
769	266	0.671135476000000	0.803208939000000
818	277	0.720697121000000	0.837680394000000
712	288	0.614504071000000	0.761229509000000
765	230	0.647196084000000	0.785815472000000
728	205	0.585239535000000	0.738361014000000
754	222	0.629761753000000	0.772826766000000
769	270	0.673102581000000	0.804616033000000
797	278	0.703508699000000	0.825952576000000
683	270	0.561736024000000	0.719373844000000
779	269	0.682642763000000	0.811393574000000
773	203	0.638481195000000	0.779357367000000
695	238	0.560733682000000	0.718551395000000
655	259	0.506618440000000	0.672523881000000
696	262	0.577276330000000	0.731991369000000
734	244	0.619111356000000	0.764754510000000
820	259	0.714371108000000	0.833391446000000
798	210	0.668626812000000	0.801409647000000
679	205	0.510561925000000	0.675989401000000
696	234	0.559600764000000	0.717620531000000
670	279	0.545450097000000	0.705878628000000
687	219	0.534723990000000	0.696834080000000
715	243	0.593301529000000	0.744744819000000
693	200	0.529678254000000	0.692535509000000
686	242	0.549180296000000	0.708994682000000
743	220	0.615229467000000	0.761785839000000
767	277	0.674405656000000	0.805546318000000
795	230	0.677738189000000	0.807918892000000
771	227	0.651873062000000	0.789253214000000
727	209	0.586842733000000	0.739635656000000
765	239	0.652489970000000	0.789705211000000
643	243	0.472978983000000	0.642207375000000
816	221	0.691587904000000	0.817678942000000
708	269	0.598822921000000	0.749079730000000
701	261	0.584144284000000	0.737488738000000
722	213	0.582910751000000	0.736504886000000
672	286	0.552794917000000	0.711999905000000
669	240	0.519264988000000	0.683573954000000
793	208	0.662506739000000	0.796997358000000
815	295	0.725628734000000	0.841002146000000
779	225	0.659046863000000	0.794488543000000
713	214	0.570931045000000	0.726869644000000
760	273	0.665116984000000	0.798883190000000
800	294	0.712885335000000	0.832379518000000
782	281	0.691098468000000	0.817336756000000
700	280	0.593386502000000	0.744811760000000
767	222	0.644466953000000	0.783800431000000
634	252	0.461092333000000	0.631161115000000
692	207	0.533666176000000	0.695935249000000
801	233	0.684985541000000	0.813046195000000
653	200	0.459348729000000	0.629525651000000
789	272	0.693567498000000	0.819060945000000
729	212	0.591702389000000	0.743483698000000
679	298	0.570782327000000	0.726749107000000
672	230	0.517498736000000	0.682041736000000
815	292	0.724447459000000	0.840208213000000
758	222	0.634387980000000	0.776300349000000
629	254	0.452118180000000	0.622701632000000
727	252	0.614862095000000	0.761504152000000
702	246	0.576500664000000	0.731367486000000
818	270	0.717690431000000	0.835645839000000
823	232	0.703522481000000	0.825962074000000
819	267	0.717174114000000	0.835295744000000
772	207	0.640137895000000	0.780590336000000
653	220	0.475516040000000	0.644542014000000
792	203	0.658233064000000	0.793896924000000
658	299	0.535642164000000	0.697613254000000
778	286	0.689499274000000	0.816217307000000
755	288	0.666863935000000	0.800142016000000
755	289	0.667325680000000	0.800474302000000
638	226	0.450668698000000	0.621325460000000
628	241	0.441050354000000	0.612123446000000
751	207	0.616076717000000	0.762434989000000
718	255	0.604664802000000	0.753633782000000
742	260	0.638036058000000	0.779025657000000
787	217	0.662265854000000	0.796823026000000
806	270	0.707762075000000	0.828876675000000
715	210	0.570864234000000	0.726815496000000
645	201	0.444637329000000	0.615569486000000
738	207	0.599893291000000	0.749916628000000
710	270	0.602186685000000	0.751706016000000
642	202	0.439523189000000	0.610651071000000
793	289	0.704704840000000	0.826776370000000
690	233	0.549525281000000	0.709282111000000
794	270	0.697222672000000	0.821604240000000
645	239	0.474096409000000	0.643236638000000
671	253	0.531361540000000	0.693972685000000
693	272	0.578518755000000	0.732989397000000
773	246	0.664874705000000	0.798708399000000
756	200	0.617024924000000	0.763160685000000
787	205	0.654551295000000	0.791213058000000
670	227	0.511841406000000	0.677109919000000
780	285	0.690976910000000	0.817251739000000
805	257	0.700871657000000	0.824132325000000
766	270	0.669995828000000	0.802392218000000
629	262	0.457403602000000	0.627696543000000
808	219	0.683381139000000	0.811914929000000
803	289	0.713389448000000	0.832723055000000
703	283	0.599331753000000	0.749477714000000
635	232	0.449043671000000	0.619779348000000
803	232	0.686255170000000	0.813939885000000
811	221	0.687219807000000	0.814617994000000
686	215	0.530094507000000	0.692891197000000
791	237	0.677841744000000	0.807992466000000
816	278	0.719519468000000	0.836884352000000
679	203	0.508939097000000	0.674565459000000
747	279	0.653671747000000	0.790570133000000
677	205	0.507134425000000	0.672978357000000
689	205	0.527236121000000	0.690444803000000
727	295	0.637533307000000	0.778650797000000
659	255	0.511392135000000	0.676716682000000
782	260	0.681178828000000	0.810358561000000
782	224	0.661508999000000	0.796274952000000
805	286	0.713832659000000	0.833024922000000
821	247	0.709498195000000	0.830066036000000
770	292	0.684290723000000	0.812556542000000
632	261	0.462959524000000	0.632908178000000
732	222	0.602603265000000	0.752030497000000
708	229	0.574220570000000	0.729530005000000
815	280	0.719556254000000	0.836909234000000
690	239	0.553578427000000	0.712649477000000
636	238	0.455437220000000	0.625842481000000
663	226	0.498614113000000	0.665433628000000
755	278	0.662130692000000	0.796725186000000
780	208	0.649340143000000	0.787393850000000
820	285	0.725582903000000	0.840971363000000
644	227	0.463399201000000	0.633318920000000
805	231	0.687508667000000	0.814820902000000
759	230	0.640521562000000	0.780875518000000
789	250	0.682848311000000	0.811538754000000
655	245	0.497369505000000	0.664324341000000
796	246	0.687331535000000	0.814696485000000
807	299	0.720743254000000	0.837711555000000
729	252	0.617446282000000	0.763482891000000
742	222	0.615317440000000	0.761853274000000
787	291	0.700130861000000	0.823619966000000
728	241	0.609592099000000	0.757449169000000
777	300	0.694558419000000	0.819751519000000
746	227	0.623457765000000	0.768061576000000
739	202	0.597503908000000	0.748046881000000
740	275	0.643523179000000	0.783102042000000
785	279	0.693030783000000	0.818686570000000
737	256	0.629779194000000	0.772839899000000
706	228	0.570605334000000	0.726605624000000
686	239	0.547184679000000	0.707329495000000
757	265	0.657851133000000	0.793619065000000
700	276	0.591204365000000	0.743090426000000
665	219	0.496980648000000	0.663977385000000
772	263	0.672717364000000	0.804340743000000
692	300	0.592008864000000	0.743725588000000
809	212	0.680091576000000	0.809588698000000
767	222	0.644466953000000	0.783800431000000
650	205	0.457778104000000	0.628049088000000
773	217	0.647796104000000	0.786257599000000
729	217	0.595231857000000	0.746263754000000
701	264	0.585894774000000	0.738882281000000
703	258	0.585307140000000	0.738414816000000
714	255	0.599182696000000	0.749361155000000
677	298	0.567548630000000	0.724122517000000
818	224	0.694995705000000	0.820056007000000
779	284	0.689573427000000	0.816269262000000
698	211	0.546229278000000	0.706530766000000
799	221	0.676296485000000	0.806893639000000
698	249	0.572398098000000	0.728057479000000
751	261	0.649059031000000	0.787187140000000
778	264	0.679235108000000	0.808981547000000
771	283	0.681262557000000	0.810417807000000
745	283	0.653331077000000	0.790320929000000
720	201	0.571144634000000	0.727042720000000
785	270	0.688890144000000	0.815790354000000
787	262	0.686957710000000	0.814433825000000
822	258	0.715516431000000	0.834170304000000
737	272	0.638386883000000	0.779287102000000
638	255	0.471199241000000	0.640564824000000
756	252	0.649858692000000	0.787774971000000
751	266	0.651673549000000	0.789106963000000
822	217	0.694412184000000	0.819649659000000
748	251	0.640159611000000	0.780606481000000
696	282	0.588574291000000	0.741009463000000
762	269	0.665282307000000	0.799002433000000
758	255	0.653708737000000	0.790597186000000
715	298	0.623511281000000	0.768102185000000
625	270	0.454137136000000	0.624613903000000
745	269	0.646333666000000	0.785179432000000
649	292	0.515251342000000	0.680086964000000
744	242	0.630246149000000	0.773191397000000
642	278	0.493666341000000	0.661012875000000
740	278	0.645035478000000	0.784220749000000
720	206	0.574966267000000	0.730131532000000
791	231	0.674491983000000	0.805607897000000
676	226	0.521505538000000	0.685512507000000
675	285	0.557242001000000	0.715678103000000
768	217	0.642382377000000	0.782256783000000
631	273	0.468533315000000	0.638096950000000
808	246	0.698068278000000	0.822191059000000
818	271	0.718126236000000	0.835941179000000
722	200	0.573177480000000	0.728687624000000
716	234	0.588962757000000	0.741317258000000
798	239	0.685488662000000	0.813400502000000
815	255	0.708414441000000	0.829323873000000
807	213	0.678886981000000	0.808734583000000
710	290	0.612786007000000	0.759909875000000
704	207	0.552380363000000	0.711655952000000
816	260	0.711577976000000	0.831487652000000
812	213	0.683388540000000	0.811920152000000
728	209	0.588192640000000	0.740706921000000
812	219	0.686944490000000	0.814424534000000
752	228	0.631232046000000	0.773932866000000
718	242	0.596824685000000	0.747514352000000
638	285	0.489949561000000	0.657672681000000
676	274	0.552647040000000	0.711877234000000
686	203	0.520706469000000	0.684821798000000
653	277	0.514025551000000	0.679018331000000
628	289	0.471980294000000	0.641286159000000
744	210	0.609621576000000	0.757471924000000
765	212	0.635779293000000	0.777341167000000
769	230	0.651535924000000	0.789006058000000
808	285	0.715921908000000	0.834445793000000
655	270	0.513501675000000	0.678561093000000
757	281	0.665746776000000	0.799337313000000
820	281	0.723948158000000	0.839872307000000
645	259	0.487642849000000	0.655591293000000
798	210	0.668626812000000	0.801409647000000
731	239	0.612253006000000	0.759499910000000
661	281	0.530922067000000	0.693597771000000
633	240	0.450729717000000	0.621383448000000
647	233	0.473693505000000	0.642865702000000
771	269	0.674661255000000	0.805728625000000
683	236	0.540271412000000	0.701527546000000
801	297	0.714946546000000	0.833782893000000
820	216	0.692135993000000	0.818061900000000
661	297	0.539893328000000	0.701208738000000
717	297	0.625671041000000	0.769738804000000
658	209	0.476272323000000	0.645236405000000
800	259	0.697433569000000	0.821750649000000
704	232	0.570359269000000	0.726406091000000
781	300	0.698342747000000	0.822381405000000
707	299	0.613142182000000	0.760183683000000
818	296	0.728374565000000	0.842843421000000
741	252	0.632406661000000	0.774815095000000
698	212	0.546986913000000	0.707164241000000
692	257	0.568164936000000	0.724623952000000
629	222	0.429083825000000	0.600501969000000
742	255	0.635291553000000	0.776976499000000
812	237	0.696895580000000	0.821377094000000
804	236	0.689331484000000	0.816099730000000
645	226	0.464616605000000	0.634454919000000
761	290	0.674181647000000	0.805386498000000
692	285	0.584185093000000	0.737521260000000
681	233	0.534901162000000	0.696984503000000
692	246	0.561293040000000	0.719010494000000
648	237	0.478506648000000	0.647283729000000
784	203	0.650137017000000	0.787979434000000
681	260	0.552519896000000	0.711771742000000
812	240	0.698458398000000	0.822461591000000
793	264	0.693504385000000	0.819016935000000
654	296	0.526758807000000	0.690035394000000
823	210	0.691135077000000	0.817362358000000
734	219	0.603168718000000	0.752470668000000
696	251	0.570612702000000	0.726611597000000
767	254	0.662897194000000	0.797279828000000
667	222	0.502837223000000	0.669183882000000
738	296	0.651352731000000	0.788871716000000
763	266	0.664847271000000	0.798688604000000
728	270	0.626171624000000	0.770117514000000
755	260	0.653038050000000	0.790106495000000
786	230	0.669046730000000	0.801711202000000
665	293	0.544711653000000	0.705259978000000
684	248	0.549861838000000	0.709562394000000
624	204	0.404001103000000	0.575499695000000
748	293	0.661453404000000	0.796234673000000
791	284	0.700768449000000	0.824060970000000
792	222	0.670222372000000	0.802554658000000
808	267	0.708108405000000	0.829114128000000
633	260	0.464358941000000	0.634214643000000
803	220	0.679420505000000	0.809113028000000
649	297	0.518046891000000	0.682517641000000
667	247	0.520473799000000	0.684620543000000
815	253	0.707461213000000	0.828670318000000
790	237	0.676884402000000	0.807311943000000
772	204	0.638083623000000	0.779061111000000
709	289	0.610899288000000	0.758457456000000
663	228	0.500083186000000	0.666740606000000
735	218	0.603777513000000	0.752944231000000
669	293	0.551578293000000	0.710989959000000
758	225	0.636289656000000	0.777722518000000
800	257	0.696468723000000	0.821080535000000
751	251	0.643634905000000	0.783184761000000
822	226	0.699470154000000	0.823162622000000
788	242	0.677681854000000	0.807878862000000
647	291	0.510906269000000	0.676291150000000
668	254	0.526802603000000	0.690072969000000
636	243	0.458977965000000	0.629177377000000
701	285	0.597511437000000	0.748052781000000
645	278	0.499490003000000	0.666213182000000
681	209	0.517142928000000	0.681732642000000
627	289	0.469898520000000	0.639361852000000
821	222	0.696415616000000	0.821043628000000
779	296	0.694784257000000	0.819908793000000
686	241	0.548518309000000	0.708442782000000
696	237	0.561611495000000	0.719271723000000
631	276	0.470385745000000	0.639812711000000
666	221	0.500296120000000	0.666929833000000
663	215	0.490268242000000	0.657959726000000
763	243	0.652591650000000	0.789779677000000
763	247	0.654826605000000	0.791414161000000
643	278	0.495616685000000	0.662758968000000
735	254	0.626180594000000	0.770124298000000
752	280	0.659788224000000	0.795026997000000
682	280	0.565852023000000	0.722740099000000
816	237	0.700308531000000	0.823742889000000
680	254	0.547152380000000	0.707302509000000
797	214	0.670173006000000	0.802519264000000
701	201	0.543082539000000	0.703893052000000
647	289	0.509765193000000	0.675290695000000
644	231	0.466365561000000	0.636083625000000
751	217	0.622943329000000	0.767671080000000
724	237	0.601817577000000	0.751418371000000
743	262	0.640303072000000	0.780713129000000
809	292	0.719607538000000	0.836943921000000
822	200	0.684069030000000	0.812400225000000
758	216	0.630486374000000	0.773372147000000
791	273	0.695868417000000	0.820663219000000
780	269	0.683617745000000	0.812081896000000
718	211	0.575869832000000	0.730859644000000
795	229	0.677170594000000	0.807515463000000
793	262	0.692548815000000	0.818350181000000
627	256	0.449269299000000	0.619994227000000
721	223	0.588552842000000	0.740992464000000
729	240	0.610280434000000	0.757980313000000
752	246	0.641972274000000	0.781952636000000
767	244	0.657469638000000	0.793341396000000
759	205	0.624134775000000	0.768575102000000
667	219	0.500572219000000	0.667175112000000
638	276	0.484559233000000	0.652798787000000
795	242	0.684310167000000	0.812570250000000
754	225	0.631678930000000	0.774268660000000
672	271	0.544179265000000	0.704813589000000
821	289	0.727963306000000	0.842568015000000
661	270	0.524407242000000	0.688014629000000
785	212	0.657099384000000	0.793071786000000
729	220	0.597302500000000	0.747889019000000
702	289	0.601044281000000	0.750815313000000
811	281	0.716723685000000	0.834990152000000
640	216	0.446972337000000	0.617803569000000
793	239	0.680830030000000	0.810111692000000
674	205	0.501934658000000	0.668384147000000
662	211	0.485285149000000	0.653457216000000
793	299	0.708835313000000	0.829612202000000
759	295	0.674319511000000	0.805484863000000
660	271	0.523217269000000	0.686989676000000
716	222	0.580898776000000	0.734896863000000
636	244	0.459676849000000	0.629833719000000
823	268	0.720788502000000	0.837742118000000
631	299	0.483903496000000	0.652203459000000
647	259	0.491508568000000	0.659075755000000
783	239	0.671159675000000	0.803226269000000
666	270	0.533254101000000	0.695584771000000
773	278	0.680961117000000	0.810204484000000
817	297	0.727979992000000	0.842579191000000
761	215	0.633260264000000	0.775455422000000
800	212	0.671780143000000	0.803670442000000
759	211	0.628287035000000	0.771715332000000
749	238	0.633819770000000	0.775874771000000
727	246	0.611318487000000	0.758780454000000
742	260	0.638036058000000	0.779025657000000
778	290	0.691255616000000	0.817446647000000
668	281	0.543173435000000	0.703969396000000
721	215	0.582962685000000	0.736546339000000
789	228	0.670833968000000	0.802992974000000
746	288	0.656865060000000	0.792901095000000
652	255	0.498423696000000	0.665264034000000
757	253	0.651520009000000	0.788994387000000
818	288	0.725224028000000	0.840730266000000
808	226	0.687406500000000	0.814749143000000
758	288	0.670093459000000	0.802462228000000
791	236	0.677291086000000	0.807601127000000
722	272	0.619500465000000	0.765051296000000
648	290	0.512231992000000	0.677451601000000
798	241	0.686553285000000	0.814149533000000
740	222	0.612825008000000	0.759939863000000
720	295	0.628619733000000	0.771966249000000
693	286	0.586232825000000	0.739151045000000
637	233	0.453847810000000	0.624340192000000
695	289	0.590818366000000	0.742785448000000
810	220	0.685754163000000	0.813587388000000
759	266	0.660546204000000	0.795577025000000
773	234	0.658135136000000	0.793825692000000
703	216	0.557626337000000	0.715995003000000
781	265	0.682663226000000	0.811408029000000
703	248	0.579230416000000	0.733560360000000
776	241	0.665214182000000	0.798953299000000
627	225	0.427178482000000	0.598633580000000
793	264	0.693504385000000	0.819016935000000
655	295	0.528032857000000	0.691127622000000
770	219	0.645840418000000	0.784815357000000
816	215	0.688102916000000	0.815238111000000
714	242	0.591280040000000	0.743150200000000
748	219	0.620674173000000	0.765945658000000
750	233	0.631976081000000	0.774491843000000
679	204	0.509752744000000	0.675279771000000
787	204	0.653882580000000	0.790724309000000
696	287	0.591248462000000	0.743125258000000
792	282	0.700800500000000	0.824083130000000
676	270	0.550302455000000	0.709929154000000
741	240	0.625416441000000	0.769546099000000
732	291	0.641791732000000	0.781818692000000
820	208	0.687356484000000	0.814714011000000
783	288	0.695133931000000	0.820152223000000
634	256	0.463769282000000	0.633664455000000
759	207	0.625535471000000	0.769636200000000
678	229	0.527060210000000	0.690293947000000
636	200	0.425684061000000	0.597164649000000
733	244	0.617845515000000	0.763788024000000
670	240	0.521012175000000	0.685086133000000
636	220	0.442009634000000	0.613046715000000
801	244	0.690852639000000	0.817164812000000
817	289	0.724836695000000	0.840469938000000
701	270	0.589324896000000	0.741604058000000
736	225	0.609752264000000	0.757572799000000
636	228	0.448114292000000	0.618893543000000
781	279	0.689241105000000	0.816036388000000
682	271	0.560711054000000	0.718532816000000
750	250	0.641923823000000	0.781916693000000
779	278	0.686859431000000	0.814364752000000
789	277	0.695847113000000	0.820648404000000
738	299	0.652737624000000	0.789886567000000
798	289	0.709102101000000	0.829794897000000
731	297	0.643423858000000	0.783028498000000
736	230	0.612993028000000	0.760069036000000
654	224	0.480453701000000	0.649062785000000
708	240	0.581473907000000	0.735356941000000
793	236	0.679193965000000	0.808952365000000
781	286	0.692371447000000	0.818226339000000
733	231	0.609803825000000	0.757612593000000
741	288	0.651102332000000	0.788688041000000
655	289	0.524676577000000	0.688246393000000
731	234	0.609132280000000	0.757094103000000
821	258	0.714715371000000	0.833625665000000
753	261	0.651323081000000	0.788849969000000
767	216	0.640635767000000	0.780960381000000
697	298	0.598404602000000	0.748752351000000
648	294	0.514493353000000	0.679426360000000
639	205	0.436016252000000	0.607258103000000
770	263	0.670667738000000	0.802873872000000
763	239	0.650309565000000	0.788106158000000
628	266	0.457898263000000	0.628162163000000
816	240	0.701858175000000	0.824813942000000
822	288	0.728338748000000	0.842819440000000
737	274	0.639418159000000	0.780054992000000
695	287	0.589762267000000	0.741950265000000
651	211	0.464613356000000	0.634451890000000
729	263	0.623654143000000	0.768210577000000
813	298	0.725207559000000	0.840719199000000
761	278	0.668603447000000	0.801392863000000
747	281	0.654648658000000	0.791284186000000
770	266	0.672164845000000	0.803945672000000
637	222	0.445592602000000	0.616484342000000
679	243	0.538374662000000	0.699926585000000
654	237	0.489941157000000	0.657665109000000
719	256	0.606599428000000	0.755134624000000
817	246	0.705715927000000	0.827471815000000
720	298	0.630068325000000	0.773057565000000
812	226	0.690936665000000	0.817223589000000
745	218	0.616355577000000	0.762648498000000
787	241	0.676175411000000	0.806807458000000
713	267	0.604679633000000	0.753645301000000
766	217	0.640179257000000	0.780621087000000
630	293	0.478437329000000	0.647220304000000
696	291	0.593347532000000	0.744781060000000
670	225	0.510378038000000	0.675828204000000
685	240	0.546236057000000	0.706536437000000
668	250	0.524208051000000	0.687843173000000
761	241	0.649258992000000	0.787334185000000
693	277	0.581327430000000	0.735239798000000
755	250	0.647633936000000	0.786138137000000
669	262	0.533588359000000	0.695869078000000
690	282	0.579506600000000	0.733781802000000
806	231	0.688404795000000	0.815449940000000
789	228	0.670833968000000	0.802992974000000
691	269	0.573736944000000	0.729139576000000
625	235	0.430396730000000	0.601786513000000
801	236	0.686620768000000	0.814196980000000
798	298	0.712785470000000	0.832311440000000
791	257	0.688262074000000	0.815349802000000
785	289	0.697432180000000	0.821749686000000
681	300	0.575020858000000	0.730175546000000
806	232	0.688953233000000	0.815834588000000
743	290	0.654372618000000	0.791082506000000
710	289	0.612277604000000	0.759518835000000
705	258	0.588214938000000	0.740724601000000
797	220	0.673818248000000	0.805127138000000
713	242	0.589876248000000	0.742040456000000
646	275	0.499605278000000	0.666315710000000
713	201	0.561100962000000	0.718852881000000
684	209	0.522166765000000	0.686083518000000
631	286	0.476407506000000	0.645360449000000
775	208	0.644050542000000	0.783492387000000
782	202	0.647379827000000	0.785950898000000
782	276	0.688825895000000	0.815745302000000
768	299	0.685323573000000	0.813284266000000
677	294	0.565430082000000	0.722395831000000
643	294	0.504941120000000	0.671044353000000
661	223	0.492733341000000	0.660175971000000
756	268	0.658278944000000	0.793930293000000
801	291	0.712513310000000	0.832125865000000
655	262	0.508527765000000	0.674204051000000
783	230	0.666062824000000	0.799565076000000
760	209	0.628073238000000	0.771554035000000
753	280	0.660896091000000	0.795830750000000
819	242	0.705377673000000	0.827239249000000
640	284	0.493316270000000	0.660698983000000
756	215	0.627502968000000	0.771123593000000
769	266	0.671135476000000	0.803208939000000
678	217	0.518241257000000	0.682686305000000
652	268	0.506696409000000	0.672592576000000
822	249	0.711279452000000	0.831283811000000
816	232	0.697667921000000	0.821913299000000
816	208	0.683873995000000	0.812262672000000
774	276	0.681024777000000	0.810249541000000
734	261	0.628841839000000	0.772133702000000
732	270	0.631202798000000	0.773910882000000
785	200	0.649113926000000	0.787227512000000