   1.0120000e+03
   9.6400000e+02
   9.9500000e+02
   8.7700000e+02
   7.7600000e+02
   9.2600000e+02
   9.9800000e+02
   7.3000000e+02
   7.5000000e+02
   8.2800000e+02
   1.0820000e+03
   9.0600000e+02
   9.8200000e+02
   8.5700000e+02
   9.8000000e+02
   8.5900000e+02
   7.4500000e+02
   8.8800000e+02
   9.2000000e+02
   8.6000000e+02
   8.4200000e+02
   8.2000000e+02
   9.5200000e+02
   7.7800000e+02
   9.4500000e+02
   8.7200000e+02
   8.9500000e+02
   7.8400000e+02
   8.2100000e+02
   7.8400000e+02
   8.1900000e+02
   8.1000000e+02
   8.2500000e+02
   7.6100000e+02
   6.7500000e+02
   5.7900000e+02
   9.1400000e+02
   8.5100000e+02
   9.1400000e+02
   8.6300000e+02
   9.8200000e+02
   9.0000000e+02
   1.0530000e+03
   9.2600000e+02
   9.8100000e+02
   8.5900000e+02
   7.4800000e+02
   7.3000000e+02
   8.2700000e+02
   1.1440000e+03
   7.8200000e+02
   9.5900000e+02
   9.2500000e+02
   9.4300000e+02
   8.7600000e+02
   8.8400000e+02
   1.0240000e+03
   8.6700000e+02
   9.7400000e+02
   1.1080000e+03
   9.4200000e+02
   8.6200000e+02
   8.9200000e+02
   1.0480000e+03
   7.7900000e+02
   9.5500000e+02
   1.0330000e+03
   8.9800000e+02
   8.9600000e+02
   1.0130000e+03
   1.1570000e+03
   1.0130000e+03
   8.7800000e+02
   9.1000000e+02
   8.1500000e+02
   9.2100000e+02
   6.6900000e+02
   8.1300000e+02
   9.1300000e+02
   9.8000000e+02
   7.8800000e+02
   8.7300000e+02
   8.9300000e+02
   1.0270000e+03
   9.0300000e+02
   8.5200000e+02
   8.0900000e+02
   7.6800000e+02
   9.0900000e+02
   9.6900000e+02
   8.5100000e+02
   8.8100000e+02
   8.0900000e+02
   6.5900000e+02
   7.8200000e+02
   8.6700000e+02
   9.1600000e+02
   7.9800000e+02
   7.6500000e+02
   7.6500000e+02
   1.0270000e+03
   9.3100000e+02
   9.1100000e+02
   1.0160000e+03
   9.8600000e+02
   7.9400000e+02
   7.4700000e+02
   7.8100000e+02
   1.0020000e+03
   9.5200000e+02
   7.2400000e+02
   8.6500000e+02
   9.0800000e+02
   9.0300000e+02
   8.8100000e+02
   8.2900000e+02
   1.0030000e+03
   8.5700000e+02
   8.8100000e+02
   6.7900000e+02
   7.4500000e+02
   1.1660000e+03
   8.8800000e+02
   9.8900000e+02
   8.3700000e+02
   1.0000000e+03
   8.3000000e+02
   8.4400000e+02
   9.7200000e+02
   9.0900000e+02
   1.0220000e+03
   8.5600000e+02
   1.0170000e+03
   8.6800000e+02
   9.7300000e+02
   9.3900000e+02
   9.0500000e+02
   7.7800000e+02
   7.5500000e+02
   8.4800000e+02
   8.8400000e+02
   7.5200000e+02
   9.3000000e+02
   1.0900000e+03
   8.3900000e+02
   8.6700000e+02
   7.6900000e+02
   8.9100000e+02
   8.6900000e+02
   1.0730000e+03
   9.8200000e+02
   8.8800000e+02
   8.5100000e+02
   1.0330000e+03
   6.7900000e+02
   9.2600000e+02
   9.5700000e+02
   9.3500000e+02
   1.0650000e+03
   8.1100000e+02
   9.3800000e+02
   1.0360000e+03
   8.0500000e+02
   1.0390000e+03
   7.6200000e+02
   8.8700000e+02
   1.0450000e+03
   9.7300000e+02
   8.4500000e+02
   9.8600000e+02
   8.3700000e+02
   7.4700000e+02
   7.0500000e+02
   9.6100000e+02
   6.7800000e+02
   9.1300000e+02
   7.3700000e+02
   8.9800000e+02
   9.2000000e+02
   9.0300000e+02
   8.6100000e+02
   9.8600000e+02
   9.5600000e+02
   7.9000000e+02
   8.6300000e+02
   9.9100000e+02
   8.7400000e+02
   9.7700000e+02
   7.8900000e+02
   1.0000000e+03
   8.9200000e+02
   9.6000000e+02
   9.3800000e+02
   7.6100000e+02
   1.1150000e+03
   8.9900000e+02
   7.9300000e+02
   8.2700000e+02
   7.8500000e+02
   7.9700000e+02
   9.4900000e+02
   8.8900000e+02
   9.2300000e+02
   9.4200000e+02
   7.9900000e+02
   9.3300000e+02
   8.9700000e+02
   8.7300000e+02
   9.2500000e+02
   9.0000000e+02
   8.5500000e+02
   1.0750000e+03
   8.8500000e+02
   8.6100000e+02
   8.1500000e+02
   7.5800000e+02
   1.0060000e+03
   8.7000000e+02
   9.4100000e+02
   8.6700000e+02
   9.9700000e+02
   9.0900000e+02
   8.1700000e+02
   8.3800000e+02
   9.1300000e+02
   8.8100000e+02
   7.6500000e+02
   1.0070000e+03
   8.7600000e+02
   1.1530000e+03
   9.0900000e+02
   8.9000000e+02
   9.4000000e+02
   9.4100000e+02
   9.4600000e+02
   1.1730000e+03
   6.9400000e+02
   8.0000000e+02
   8.6900000e+02
   9.4800000e+02
   8.4600000e+02
   9.4200000e+02
   7.4700000e+02
   9.9600000e+02
   9.2400000e+02
   9.4200000e+02
   7.6500000e+02
   7.9700000e+02
   9.2500000e+02
   7.9800000e+02
   9.6600000e+02
   8.3600000e+02
   8.1600000e+02
   9.3500000e+02
   8.4600000e+02
   1.0440000e+03
   7.6100000e+02
   8.3200000e+02
   1.0900000e+03
   7.6400000e+02
   8.7500000e+02
   9.0300000e+02
   9.4100000e+02
   1.1010000e+03
   1.0470000e+03
   8.3800000e+02
   9.7100000e+02
   1.0290000e+03
   9.2700000e+02
   6.6700000e+02
   8.3200000e+02
   7.3000000e+02
   9.2500000e+02
   8.6600000e+02
   1.0470000e+03
   8.2600000e+02
   9.8200000e+02
   7.4700000e+02
   1.0110000e+03
   9.1100000e+02
   1.0270000e+03
   7.1300000e+02
   9.8300000e+02
   8.4700000e+02
   7.1700000e+02
   9.9100000e+02
   9.2000000e+02
   8.7300000e+02
   9.7800000e+02
   8.3900000e+02
   7.6200000e+02
   6.9400000e+02
   7.2800000e+02
   8.4200000e+02
   9.8800000e+02
   9.1400000e+02
   8.8800000e+02
   8.3000000e+02
   9.4100000e+02
   9.6800000e+02
   8.1600000e+02
   7.7600000e+02
   9.0800000e+02
   8.4100000e+02
   6.7700000e+02
   8.9300000e+02
   9.7600000e+02
   1.0070000e+03
   9.2200000e+02
   8.8400000e+02
   8.9000000e+02
   1.0720000e+03
   9.4400000e+02
   8.2800000e+02
   1.0140000e+03
   1.0120000e+03
   1.1190000e+03
   1.0090000e+03
   9.4500000e+02
   1.1120000e+03
   9.1400000e+02
   9.0400000e+02
   8.5200000e+02
   1.0540000e+03
   1.1210000e+03
   1.0470000e+03
   8.1600000e+02
   7.9800000e+02
   7.9900000e+02
   9.0800000e+02
   7.2800000e+02
   7.5400000e+02
   7.5800000e+02
   9.4800000e+02
   6.7900000e+02
   9.2800000e+02
   9.0800000e+02
   7.4000000e+02
   7.6600000e+02
   8.6700000e+02
   8.6000000e+02
   9.6900000e+02
   9.2900000e+02
   8.2200000e+02
   9.9900000e+02
   9.9900000e+02
   7.2700000e+02
   1.0420000e+03
   8.1100000e+02
   7.0100000e+02
   8.5400000e+02
   9.7900000e+02
   1.0230000e+03
   8.5300000e+02
   9.5100000e+02
   9.2400000e+02
   9.0000000e+02
   1.0030000e+03
   9.6000000e+02
   1.0020000e+03
   9.1400000e+02
   8.3700000e+02
   9.4600000e+02
   8.6600000e+02
   8.0500000e+02
