   1.6344168e+02
   1.9584713e+02
   9.3528828e+01
   1.7155433e+02
   1.5796913e+02
   1.1730779e+02
   1.3916020e+02
   1.5856561e+02
   2.3945992e+02
   2.1923593e+02
   1.1625283e+02
   2.2587309e+02
   1.6813511e+02
   1.4842363e+02
   1.6786857e+02
   1.4487585e+02
   1.4689639e+02
   1.8724244e+02
   1.8522586e+02
   1.8542981e+02
   1.6678743e+02
   1.1981283e+02
   1.6793097e+02
   1.9075588e+02
   1.6222234e+02
   1.7586733e+02
   1.6817213e+02
   1.4241398e+02
   1.5734679e+02
   1.3031793e+02
   1.7220989e+02
   1.2132325e+02
   1.2327824e+02
   1.2976253e+02
   7.6392896e+01
   1.8595951e+02
   1.5812976e+02
   1.3112679e+02
   1.8425746e+02
   1.0721209e+02
   1.4744394e+02
   1.4396382e+02
   1.5798017e+02
   1.5782146e+02
   1.2837800e+02
   1.4924872e+02
   1.4587802e+02
   1.6569268e+02
   1.7733164e+02
   1.7773183e+02
   1.2840868e+02
   1.5193398e+02
   1.1964707e+02
   1.2216248e+02
   1.4982877e+02
   1.8831576e+02
   1.3075835e+02
   1.5928447e+02
   1.4436039e+02
   1.7793390e+02
   1.2277339e+02
   1.5081394e+02
   1.6381318e+02
   1.7751526e+02
   1.8860530e+02
   1.5214828e+02
   1.1271024e+02
   1.3144245e+02
   1.2346046e+02
   2.0876143e+02
   1.3460995e+02
   1.6870192e+02
   1.4518954e+02
   1.7221526e+02
   1.3087877e+02
   1.1494328e+02
   1.1444060e+02
   1.6220485e+02
   1.4556562e+02
   1.4509866e+02
   1.8548275e+02
   1.5728961e+02
   1.5494528e+02
   1.8969248e+02
   1.2988835e+02
   1.6741561e+02
   1.7087720e+02
   1.4390712e+02
   1.5539175e+02
   1.2085390e+02
   1.2130118e+02
   1.5262187e+02
   1.6805635e+02
   2.1463728e+02
   1.3332773e+02
   1.5468328e+02
   1.4793764e+02
   1.0167443e+02
   1.3902585e+02
   1.0513303e+02
   1.7100939e+02
   1.2779920e+02
   1.5250232e+02
   1.3638678e+02
   1.5758802e+02
   1.3499184e+02
   1.6224913e+02
   1.6848408e+02
   1.9279719e+02
   1.4514691e+02
   9.6541118e+01
   1.2901028e+02
   1.8386486e+02
   1.2319612e+02
   1.7402385e+02
   1.5310125e+02
   1.8591742e+02
   1.0097750e+02
   1.4505754e+02
   1.1980386e+02
   2.2270020e+02
   1.7063047e+02
   1.8447430e+02
   1.2354549e+02
   1.3828461e+02
   1.4318826e+02
   1.7746062e+02
   1.4305320e+02
   1.6753854e+02
   9.8704593e+01
   1.4115375e+02
   1.2941034e+02
   1.1057357e+02
   1.6269937e+02
   1.5704960e+02
   1.5083700e+02
   1.1665805e+02
   1.7818731e+02
   1.5875449e+02
   1.4252335e+02
   1.5057224e+02
   1.4345011e+02
   1.0624469e+02
   1.4285873e+02
   1.2921584e+02
   1.2551984e+02
   1.2108996e+02
   1.3666107e+02
   9.9934107e+01
   1.7410574e+02
   1.6300150e+02
   1.4949930e+02
   1.4913072e+02
   1.3004591e+02
   1.7546713e+02
   1.4666956e+02
   1.3213675e+02
   1.8378464e+02
   1.4438072e+02
   1.3527427e+02
   1.4265616e+02
   1.2880184e+02
   1.2199679e+02
   2.1314999e+02
   1.9138744e+02
   1.5768838e+02
   1.1857204e+02
   1.2836330e+02
   1.4558665e+02
   1.6978540e+02
   1.1669989e+02
   9.1753321e+01
   1.1377257e+02
   1.5833777e+02
   1.5978384e+02
   1.6129199e+02
   1.4674288e+02
   1.5459223e+02
   1.3809617e+02
   1.7155054e+02
   1.1595764e+02
   1.6137574e+02
   1.2878227e+02
   1.4162783e+02
   1.6381958e+02
   1.7597727e+02
   1.2205903e+02
   1.8151647e+02
   1.6650358e+02
   1.4830336e+02
   1.4511947e+02
   1.4455984e+02
   1.4242231e+02
   1.5057614e+02
   1.5128226e+02
   1.7065157e+02
   1.8817442e+02
   1.6167286e+02
   1.4475717e+02
   1.6562976e+02
   1.5458068e+02
   1.2425581e+02
   1.7373055e+02
   1.5767655e+02
   1.5337937e+02
   1.6288116e+02
   1.5653516e+02
   1.2646286e+02
   1.4594156e+02
   1.4634863e+02
   1.3669972e+02
   1.9205259e+02
   1.2810677e+02
   1.3790462e+02
   1.3219989e+02
   1.2064469e+02
   1.4519401e+02
   1.4314824e+02
   1.8825181e+02
   1.4377438e+02
   1.2339466e+02
   1.9008643e+02
   1.8086698e+02
   1.4425934e+02
   1.1234601e+02
   1.3888430e+02
   1.4610147e+02
   1.5690171e+02
   1.4347091e+02
   1.6108555e+02
   1.5979736e+02
   1.1873303e+02
   1.2630098e+02
   1.3147235e+02
   1.3730456e+02
   1.4198561e+02
   1.5031173e+02
   7.4270566e+01
   1.3857463e+02
   1.8106121e+02
   1.2333247e+02
   1.7334320e+02
   1.5875803e+02
   1.4927486e+02
   1.5456130e+02
   1.1087360e+02
   1.4788651e+02
   1.9009866e+02
   1.5245869e+02
   1.5103434e+02
