   5.3044317e-02
   1.3625219e+00
   4.0659724e-01
   3.2323934e+00
   2.5758450e-01
   1.7841224e+00
   1.8022316e-01
   1.3853487e-01
   8.4186824e-02
   6.3569505e-01
   6.1457742e+00
   2.1730706e+00
   8.2174149e-03
   3.5396316e+00
   3.6627111e-02
   3.8348347e-01
   1.4998370e-05
   6.4963744e+00
   6.6408161e-01
   5.0094357e+00
   1.5090722e-03
   2.8882955e+01
   6.5028971e-02
   4.0701091e-02
   1.9814372e-02
   6.1096136e+00
   8.4058505e-01
   1.8159509e+00
   4.9754851e-02
   7.0675546e-01
   8.7608272e-03
   2.9056252e+00
   1.7756975e+00
   3.7145289e+00
   3.9784148e+00
   1.9621273e-02
   2.9728299e-01
   3.5771310e-01
   3.7300484e+00
   2.5268044e-02
   2.2536530e-01
   1.0964283e+00
   4.4487982e-01
   8.3134429e-01
   6.6433016e+00
   2.0376585e+00
   4.3805708e+00
   2.8673353e+00
   2.0372258e+00
   7.6392636e-01
   9.0160131e+00
   1.0474941e-02
   3.2257371e-03
   5.0635746e-01
   5.1104810e-01
   1.1783968e+00
   1.1088235e-02
   9.9259391e-01
   4.8241735e+00
   6.1572590e-02
   8.8788861e-01
   2.0166671e+00
   8.2184720e-01
   5.4694411e+00
   4.1012556e+00
   3.5636483e-03
   2.0121185e-03
   3.0583392e-01
   7.9360060e+00
   2.0999104e+00
   1.0833440e+00
   3.8807365e-02
   1.7415303e+01
   9.8973273e+00
   3.1609837e+00
   1.8674900e-01
   9.7565078e-02
   1.8857887e-01
   6.3434394e-01
   3.6395909e-01
   1.4794164e+00
   8.6897303e-02
   2.7763768e+00
   1.4118650e-01
   2.8746518e+00
   9.9671544e-01
   2.1997453e-01
   6.1588259e-02
   6.3089113e+00
   5.3628024e-03
   6.4502329e-02
   5.1828352e-01
   6.8962632e-01
   6.4912120e-01
   1.3995571e+00
   4.5734523e-01
   4.5135935e-01
   4.0541086e-02
   5.2727751e-02
   1.9321535e-01
