   1.0537667e+01
   1.1833885e+01
   7.7411531e+00
   1.0862173e+01
   1.0318765e+01
   8.6923117e+00
   9.5664080e+00
   1.0342624e+01
   1.3578397e+01
   1.2769437e+01
   8.6501131e+00
   1.3034923e+01
   1.0725404e+01
   9.9369451e+00
   1.0714743e+01
   9.7950339e+00
   9.8758557e+00
   1.1489698e+01
   1.1409034e+01
   1.1417192e+01
   1.0671497e+01
   8.7925131e+00
   1.0717239e+01
   1.1630235e+01
   1.0488894e+01
   1.1034693e+01
   1.0726885e+01
   9.6965591e+00
   1.0293871e+01
   9.2127172e+00
   1.0888396e+01
   8.8529299e+00
   8.9311295e+00
   9.1905013e+00
   7.0557158e+00
   1.1438380e+01
   1.0325191e+01
   9.2450717e+00
   1.1370299e+01
   8.2884836e+00
   9.8977576e+00
   9.7585530e+00
   1.0319207e+01
   1.0312859e+01
   9.1351201e+00
   9.9699487e+00
   9.8351210e+00
   1.0627707e+01
   1.1093266e+01
   1.1109273e+01
   9.1363472e+00
   1.0077359e+01
   8.7858830e+00
   8.8864993e+00
   9.9931507e+00
   1.1532630e+01
   9.2303341e+00
   1.0371379e+01
   9.7744156e+00
   1.1117356e+01
   8.9109357e+00
   1.0032557e+01
   1.0552527e+01
   1.1100610e+01
   1.1544212e+01
   1.0085931e+01
   8.5084097e+00
   9.2576982e+00
   8.9384183e+00
   1.2350457e+01
   9.3843981e+00
   1.0748077e+01
   9.8075815e+00
   1.0888610e+01
   9.2351508e+00
   8.5977310e+00
   8.5776241e+00
   1.0488194e+01
   9.8226248e+00
   9.8039465e+00
   1.1419310e+01
   1.0291584e+01
   1.0197811e+01
   1.1587699e+01
   9.1955340e+00
   1.0696624e+01
   1.0835088e+01
   9.7562849e+00
   1.0215670e+01
   8.8341561e+00
   8.8520472e+00
   1.0104875e+01
   1.0722254e+01
   1.2585491e+01
   9.3331093e+00
   1.0187331e+01
   9.9175056e+00
   8.0669771e+00
   9.5610338e+00
   8.2053212e+00
