   0.0000000e+00   0.0000000e+00   4.0096489e+02
   1.0000000e+00   0.0000000e+00   4.0015761e+02
   2.0000000e+00   0.0000000e+00   4.0097059e+02
   3.0000000e+00   0.0000000e+00   4.0095717e+02
   4.0000000e+00   0.0000000e+00   4.0048538e+02
   5.0000000e+00   0.0000000e+00   4.0080028e+02
   6.0000000e+00   0.0000000e+00   4.0014189e+02
   7.0000000e+00   0.0000000e+00   4.0042176e+02
   8.0000000e+00   0.0000000e+00   4.0091574e+02
   9.0000000e+00   0.0000000e+00   4.0079221e+02
   1.0000000e+01   0.0000000e+00   4.0095949e+02
   1.1000000e+01   0.0000000e+00   4.0065574e+02
   1.2000000e+01   0.0000000e+00   4.0003571e+02
   1.3000000e+01   0.0000000e+00   4.0084913e+02
   1.4000000e+01   0.0000000e+00   4.0093399e+02
   1.5000000e+01   0.0000000e+00   4.0067874e+02
   1.6000000e+01   0.0000000e+00   4.0075774e+02
   1.7000000e+01   0.0000000e+00   4.0074313e+02
   1.8000000e+01   0.0000000e+00   4.0039223e+02
   1.9000000e+01   0.0000000e+00   4.0065548e+02
   2.0000000e+01   0.0000000e+00   4.0017119e+02
   2.1000000e+01   0.0000000e+00   4.0070605e+02
   2.2000000e+01   0.0000000e+00   4.0003183e+02
   2.3000000e+01   0.0000000e+00   4.0027692e+02
   2.4000000e+01   0.0000000e+00   4.0004617e+02
   2.5000000e+01   0.0000000e+00   4.0009713e+02
   2.6000000e+01   0.0000000e+00   4.0082346e+02
   2.7000000e+01   0.0000000e+00   4.0069483e+02
   2.8000000e+01   0.0000000e+00   4.0031710e+02
   2.9000000e+01   0.0000000e+00   4.0095022e+02
   3.0000000e+01   0.0000000e+00   4.0003445e+02
   3.1000000e+01   0.0000000e+00   4.0043874e+02
   3.2000000e+01   0.0000000e+00   4.0038156e+02
   3.3000000e+01   0.0000000e+00   4.0076552e+02
   3.4000000e+01   0.0000000e+00   4.0079520e+02
   3.5000000e+01   0.0000000e+00   4.0018687e+02
   3.6000000e+01   0.0000000e+00   4.0048976e+02
   3.7000000e+01   0.0000000e+00   4.0044559e+02
   3.8000000e+01   0.0000000e+00   4.0064631e+02
   3.9000000e+01   0.0000000e+00   4.0070936e+02
   4.0000000e+01   0.0000000e+00   4.0075469e+02
   4.1000000e+01   0.0000000e+00   4.0027603e+02
   4.2000000e+01   0.0000000e+00   4.0067970e+02
   4.3000000e+01   0.0000000e+00   4.0065510e+02
   4.4000000e+01   0.0000000e+00   4.0016261e+02
   4.5000000e+01   0.0000000e+00   4.0011900e+02
   4.6000000e+01   0.0000000e+00   4.0049836e+02
   4.7000000e+01   0.0000000e+00   4.0095974e+02
   4.8000000e+01   0.0000000e+00   4.0034039e+02
   4.9000000e+01   0.0000000e+00   4.0058527e+02
   5.0000000e+01   0.0000000e+00   4.0022381e+02
   5.1000000e+01   0.0000000e+00   4.0075127e+02
   5.2000000e+01   0.0000000e+00   4.0025510e+02
   5.3000000e+01   0.0000000e+00   4.0050596e+02
   5.4000000e+01   0.0000000e+00   4.0069908e+02
   5.5000000e+01   0.0000000e+00   4.0089090e+02
   5.6000000e+01   0.0000000e+00   4.0095929e+02
   5.7000000e+01   0.0000000e+00   4.0054722e+02
   5.8000000e+01   0.0000000e+00   4.0013862e+02
   5.9000000e+01   0.0000000e+00   4.0014929e+02
   6.0000000e+01   0.0000000e+00   4.0025751e+02
   6.1000000e+01   0.0000000e+00   4.0084072e+02
   6.2000000e+01   0.0000000e+00   4.0025428e+02
   6.3000000e+01   0.0000000e+00   4.0081428e+02
   6.4000000e+01   0.0000000e+00   4.0024352e+02
   6.5000000e+01   0.0000000e+00   4.0092926e+02
   6.6000000e+01   0.0000000e+00   4.0034998e+02
   6.7000000e+01   0.0000000e+00   4.0019660e+02
   6.8000000e+01   0.0000000e+00   4.0025108e+02
   6.9000000e+01   0.0000000e+00   4.0061604e+02
   7.0000000e+01   0.0000000e+00   4.0047329e+02
   7.1000000e+01   0.0000000e+00   4.0035166e+02
   7.2000000e+01   0.0000000e+00   4.0083083e+02
   7.3000000e+01   0.0000000e+00   4.0058526e+02
   7.4000000e+01   0.0000000e+00   4.0054972e+02
   7.5000000e+01   0.0000000e+00   4.0091719e+02
   7.6000000e+01   0.0000000e+00   4.0028584e+02
   7.7000000e+01   0.0000000e+00   4.0075720e+02
   7.8000000e+01   0.0000000e+00   4.0075373e+02
   7.9000000e+01   0.0000000e+00   4.0038045e+02
   8.0000000e+01   0.0000000e+00   4.0056782e+02
   8.1000000e+01   0.0000000e+00   4.0007585e+02
   8.2000000e+01   0.0000000e+00   4.0005395e+02
   8.3000000e+01   0.0000000e+00   4.0053080e+02
   8.4000000e+01   0.0000000e+00   4.0077917e+02
   8.5000000e+01   0.0000000e+00   4.0093401e+02
   8.6000000e+01   0.0000000e+00   4.0012991e+02
   8.7000000e+01   0.0000000e+00   4.0056882e+02
   8.8000000e+01   0.0000000e+00   4.0046939e+02
   8.9000000e+01   0.0000000e+00   4.0001190e+02
   9.0000000e+01   0.0000000e+00   4.0033712e+02
   9.1000000e+01   0.0000000e+00   4.0016218e+02
   9.2000000e+01   0.0000000e+00   4.0079428e+02
   9.3000000e+01   0.0000000e+00   4.0031122e+02
   9.4000000e+01   0.0000000e+00   4.0052853e+02
   9.5000000e+01   0.0000000e+00   4.0016565e+02
   9.6000000e+01   0.0000000e+00   4.0060198e+02
   9.7000000e+01   0.0000000e+00   4.0026297e+02
   9.8000000e+01   0.0000000e+00   4.0065408e+02
   9.9000000e+01   0.0000000e+00   4.0068921e+02
   1.0000000e+02   0.0000000e+00   4.0074815e+02
   1.0100000e+02   0.0000000e+00   4.0045054e+02
   1.0200000e+02   0.0000000e+00   4.0008382e+02
   1.0300000e+02   0.0000000e+00   4.0022898e+02
   1.0400000e+02   0.0000000e+00   4.0091334e+02
   1.0500000e+02   0.0000000e+00   4.0015238e+02
   1.0600000e+02   0.0000000e+00   4.0082582e+02
   1.0700000e+02   0.0000000e+00   4.0053834e+02
   1.0800000e+02   0.0000000e+00   4.0099613e+02
   1.0900000e+02   0.0000000e+00   4.0007818e+02
   1.1000000e+02   0.0000000e+00   4.0044268e+02
   1.1100000e+02   0.0000000e+00   4.0010665e+02
   1.1200000e+02   0.0000000e+00   4.0096190e+02
   1.1300000e+02   0.0000000e+00   4.0000463e+02
   1.1400000e+02   0.0000000e+00   4.0077491e+02
   1.1500000e+02   0.0000000e+00   4.0081730e+02
   1.1600000e+02   0.0000000e+00   4.0086869e+02
   1.1700000e+02   0.0000000e+00   4.0008444e+02
   1.1800000e+02   0.0000000e+00   4.0039978e+02
   1.1900000e+02   0.0000000e+00   4.0025987e+02
   1.2000000e+02   0.0000000e+00   4.0080007e+02
   1.2100000e+02   0.0000000e+00   4.0043141e+02
   1.2200000e+02   0.0000000e+00   4.0091065e+02
   1.2300000e+02   0.0000000e+00   4.0018185e+02
   1.2400000e+02   0.0000000e+00   4.0026380e+02
   1.2500000e+02   0.0000000e+00   4.0014554e+02
   1.2600000e+02   0.0000000e+00   4.0013607e+02
   1.2700000e+02   0.0000000e+00   4.0086929e+02
   1.2800000e+02   0.0000000e+00   4.0057970e+02
   1.2900000e+02   0.0000000e+00   4.0054986e+02
   1.3000000e+02   0.0000000e+00   4.0014495e+02
   1.3100000e+02   0.0000000e+00   4.0085303e+02
   1.3200000e+02   0.0000000e+00   4.0062206e+02
   1.3300000e+02   0.0000000e+00   4.0035095e+02
   1.3400000e+02   0.0000000e+00   4.0051325e+02
   1.3500000e+02   0.0000000e+00   4.0040181e+02
   1.3600000e+02   0.0000000e+00   4.0007597e+02
   1.3700000e+02   0.0000000e+00   4.0023992e+02
   1.3800000e+02   0.0000000e+00   4.0012332e+02
   1.3900000e+02   0.0000000e+00   4.0018391e+02
   1.4000000e+02   0.0000000e+00   4.0023995e+02
   1.4100000e+02   0.0000000e+00   4.0041727e+02
   1.4200000e+02   0.0000000e+00   4.0004965e+02
   1.4300000e+02   0.0000000e+00   4.0090272e+02
   1.4400000e+02   0.0000000e+00   4.0094479e+02
   1.4500000e+02   0.0000000e+00   4.0049086e+02
   1.4600000e+02   0.0000000e+00   4.0048925e+02
   1.4700000e+02   0.0000000e+00   4.0033772e+02
   1.4800000e+02   0.0000000e+00   4.0090005e+02
   1.4900000e+02   0.0000000e+00   4.0036925e+02
   1.5000000e+02   0.0000000e+00   4.0011120e+02
   1.5100000e+02   0.0000000e+00   4.0078025e+02
   1.5200000e+02   0.0000000e+00   4.0038974e+02
   1.5300000e+02   0.0000000e+00   4.0024169e+02
   1.5400000e+02   0.0000000e+00   4.0040391e+02
   1.5500000e+02   0.0000000e+00   4.0009645e+02
   1.5600000e+02   0.0000000e+00   4.0013197e+02
   1.5700000e+02   0.0000000e+00   4.0094205e+02
   1.5800000e+02   0.0000000e+00   4.0095613e+02
   1.5900000e+02   0.0000000e+00   4.0057521e+02
   1.6000000e+02   0.0000000e+00   4.0005978e+02
   1.6100000e+02   0.0000000e+00   4.0023478e+02
   1.6200000e+02   0.0000000e+00   4.0035316e+02
   1.6300000e+02   0.0000000e+00   4.0082119e+02
   1.6400000e+02   0.0000000e+00   4.0001540e+02
   1.6500000e+02   0.0000000e+00   4.0004302e+02
   1.6600000e+02   0.0000000e+00   4.0016899e+02
   1.6700000e+02   0.0000000e+00   4.0064912e+02
   1.6800000e+02   0.0000000e+00   4.0073172e+02
   1.6900000e+02   0.0000000e+00   4.0064775e+02
   1.7000000e+02   0.0000000e+00   4.0045092e+02
   1.7100000e+02   0.0000000e+00   4.0054701e+02
   1.7200000e+02   0.0000000e+00   4.0029632e+02
   1.7300000e+02   0.0000000e+00   4.0074469e+02
   1.7400000e+02   0.0000000e+00   4.0018896e+02
   1.7500000e+02   0.0000000e+00   4.0068678e+02
   1.7600000e+02   0.0000000e+00   4.0018351e+02
   1.7700000e+02   0.0000000e+00   4.0036848e+02
   1.7800000e+02   0.0000000e+00   4.0062562e+02
   1.7900000e+02   0.0000000e+00   4.0078023e+02
   1.8000000e+02   0.0000000e+00   4.0008113e+02
   1.8100000e+02   0.0000000e+00   4.0092939e+02
   1.8200000e+02   0.0000000e+00   4.0077571e+02
   1.8300000e+02   0.0000000e+00   4.0048679e+02
   1.8400000e+02   0.0000000e+00   4.0043586e+02
   1.8500000e+02   0.0000000e+00   4.0044678e+02
   1.8600000e+02   0.0000000e+00   4.0030635e+02
   1.8700000e+02   0.0000000e+00   4.0050851e+02
   1.8800000e+02   0.0000000e+00   4.0051077e+02
   1.8900000e+02   0.0000000e+00   4.0081763e+02
   1.9000000e+02   0.0000000e+00   4.0079483e+02
   1.9100000e+02   0.0000000e+00   4.0064432e+02
   1.9200000e+02   0.0000000e+00   4.0037861e+02
   1.9300000e+02   0.0000000e+00   4.0081158e+02
   1.9400000e+02   0.0000000e+00   4.0053283e+02
   1.9500000e+02   0.0000000e+00   4.0035073e+02
   1.9600000e+02   0.0000000e+00   4.0093900e+02
   1.9700000e+02   0.0000000e+00   4.0087594e+02
   1.9800000e+02   0.0000000e+00   4.0055016e+02
   1.9900000e+02   0.0000000e+00   4.0062248e+02
   2.0000000e+02   0.0000000e+00   4.0058704e+02
   2.0100000e+02   0.0000000e+00   4.0020774e+02
   2.0200000e+02   0.0000000e+00   4.0030125e+02
   2.0300000e+02   0.0000000e+00   4.0047092e+02
   2.0400000e+02   0.0000000e+00   4.0023049e+02
   2.0500000e+02   0.0000000e+00   4.0084431e+02
   2.0600000e+02   0.0000000e+00   4.0019476e+02
   2.0700000e+02   0.0000000e+00   4.0022592e+02
   2.0800000e+02   0.0000000e+00   4.0017071e+02
   2.0900000e+02   0.0000000e+00   4.0022766e+02
   2.1000000e+02   0.0000000e+00   4.0043570e+02
   2.1100000e+02   0.0000000e+00   4.0031110e+02
   2.1200000e+02   0.0000000e+00   4.0092338e+02
   2.1300000e+02   0.0000000e+00   4.0043021e+02
   2.1400000e+02   0.0000000e+00   4.0018482e+02
   2.1500000e+02   0.0000000e+00   4.0090488e+02
   2.1600000e+02   0.0000000e+00   4.0097975e+02
   2.1700000e+02   0.0000000e+00   4.0043887e+02
   2.1800000e+02   0.0000000e+00   4.0011112e+02
   2.1900000e+02   0.0000000e+00   4.0025806e+02
   2.2000000e+02   0.0000000e+00   4.0040872e+02
   2.2100000e+02   0.0000000e+00   4.0059490e+02
   2.2200000e+02   0.0000000e+00   4.0026221e+02
   2.2300000e+02   0.0000000e+00   4.0060284e+02
   2.2400000e+02   0.0000000e+00   4.0071122e+02
   2.2500000e+02   0.0000000e+00   4.0022175e+02
   2.2600000e+02   0.0000000e+00   4.0011742e+02
   2.2700000e+02   0.0000000e+00   4.0029668e+02
   2.2800000e+02   0.0000000e+00   4.0031878e+02
   2.2900000e+02   0.0000000e+00   4.0042417e+02
   2.3000000e+02   0.0000000e+00   4.0050786e+02
   2.3100000e+02   0.0000000e+00   4.0008552e+02
   2.3200000e+02   0.0000000e+00   4.0026248e+02
   2.3300000e+02   0.0000000e+00   4.0080101e+02
   2.3400000e+02   0.0000000e+00   4.0002922e+02
   2.3500000e+02   0.0000000e+00   4.0092885e+02
   2.3600000e+02   0.0000000e+00   4.0073033e+02
   2.3700000e+02   0.0000000e+00   4.0048861e+02
   2.3800000e+02   0.0000000e+00   4.0057853e+02
   2.3900000e+02   0.0000000e+00   4.0023728e+02
   2.4000000e+02   0.0000000e+00   4.0045885e+02
   2.4100000e+02   0.0000000e+00   4.0096309e+02
   2.4200000e+02   0.0000000e+00   4.0054681e+02
   2.4300000e+02   0.0000000e+00   4.0052114e+02
   2.4400000e+02   0.0000000e+00   4.0023159e+02
   2.4500000e+02   0.0000000e+00   4.0048890e+02
   2.4600000e+02   0.0000000e+00   4.0062406e+02
   2.4700000e+02   0.0000000e+00   4.0067914e+02
   2.4800000e+02   0.0000000e+00   4.0039552e+02
   2.4900000e+02   0.0000000e+00   4.0036744e+02
   2.5000000e+02   0.0000000e+00   4.0098798e+02
   2.5100000e+02   0.0000000e+00   4.0003774e+02
   2.5200000e+02   0.0000000e+00   4.0088517e+02
   2.5300000e+02   0.0000000e+00   4.0091329e+02
   2.5400000e+02   0.0000000e+00   4.0079618e+02
   2.5500000e+02   0.0000000e+00   4.0009871e+02
   2.5600000e+02   0.0000000e+00   4.0026187e+02
   2.5700000e+02   0.0000000e+00   4.0033536e+02
   2.5800000e+02   0.0000000e+00   4.0067973e+02
   2.5900000e+02   0.0000000e+00   4.0013655e+02
   2.6000000e+02   0.0000000e+00   4.0072123e+02
   2.6100000e+02   0.0000000e+00   4.0010676e+02
   2.6200000e+02   0.0000000e+00   4.0065376e+02
   2.6300000e+02   0.0000000e+00   4.0049417e+02
   2.6400000e+02   0.0000000e+00   4.0077905e+02
   2.6500000e+02   0.0000000e+00   4.0071504e+02
   2.6600000e+02   0.0000000e+00   4.0090372e+02
   2.6700000e+02   0.0000000e+00   4.0089092e+02
   2.6800000e+02   0.0000000e+00   4.0033416e+02
   2.6900000e+02   0.0000000e+00   4.0069875e+02
   2.7000000e+02   0.0000000e+00   4.0019781e+02
   2.7100000e+02   0.0000000e+00   4.0003054e+02
   2.7200000e+02   0.0000000e+00   4.0074407e+02
   2.7300000e+02   0.0000000e+00   4.0050002e+02
   2.7400000e+02   0.0000000e+00   4.0047992e+02
   2.7500000e+02   0.0000000e+00   4.0090472e+02
   2.7600000e+02   0.0000000e+00   4.0060987e+02
   2.7700000e+02   0.0000000e+00   4.0061767e+02
   2.7800000e+02   0.0000000e+00   4.0085944e+02
   2.7900000e+02   0.0000000e+00   4.0080549e+02
   2.8000000e+02   0.0000000e+00   4.0057672e+02
   2.8100000e+02   0.0000000e+00   4.0018292e+02
   2.8200000e+02   0.0000000e+00   4.0023993e+02
   2.8300000e+02   0.0000000e+00   4.0088651e+02
   2.8400000e+02   0.0000000e+00   4.0002867e+02
   2.8500000e+02   0.0000000e+00   4.0048990e+02
   2.8600000e+02   0.0000000e+00   4.0016793e+02
   2.8700000e+02   0.0000000e+00   4.0097868e+02
   2.8800000e+02   0.0000000e+00   4.0071269e+02
   2.8900000e+02   0.0000000e+00   4.0050047e+02
   2.9000000e+02   0.0000000e+00   4.0047109e+02
   2.9100000e+02   0.0000000e+00   4.0005962e+02
   2.9200000e+02   0.0000000e+00   4.0068197e+02
   2.9300000e+02   0.0000000e+00   4.0004243e+02
   2.9400000e+02   0.0000000e+00   4.0007145e+02
   2.9500000e+02   0.0000000e+00   4.0052165e+02
   2.9600000e+02   0.0000000e+00   4.0009673e+02
   2.9700000e+02   0.0000000e+00   4.0081815e+02
   2.9800000e+02   0.0000000e+00   4.0081755e+02
   2.9900000e+02   0.0000000e+00   4.0072244e+02
   3.0000000e+02   0.0000000e+00   4.0014987e+02
   3.0100000e+02   0.0000000e+00   4.0065961e+02
   3.0200000e+02   0.0000000e+00   4.0051859e+02
   3.0300000e+02   0.0000000e+00   4.0097297e+02
   3.0400000e+02   0.0000000e+00   4.0064899e+02
   3.0500000e+02   0.0000000e+00   4.0080033e+02
   3.0600000e+02   0.0000000e+00   4.0045380e+02
   3.0700000e+02   0.0000000e+00   4.0043239e+02
   3.0800000e+02   0.0000000e+00   4.0082531e+02
   3.0900000e+02   0.0000000e+00   4.0008347e+02
   3.1000000e+02   0.0000000e+00   4.0013317e+02
   3.1100000e+02   0.0000000e+00   4.0017339e+02
   3.1200000e+02   0.0000000e+00   4.0039094e+02
   3.1300000e+02   0.0000000e+00   4.0083138e+02
   3.1400000e+02   0.0000000e+00   4.0080336e+02
   3.1500000e+02   0.0000000e+00   4.0006047e+02
   3.1600000e+02   0.0000000e+00   4.0039926e+02
   3.1700000e+02   0.0000000e+00   4.0052688e+02
   3.1800000e+02   0.0000000e+00   4.0041680e+02
   3.1900000e+02   0.0000000e+00   4.0065686e+02
   3.2000000e+02   0.0000000e+00   4.0062797e+02
   3.2100000e+02   0.0000000e+00   4.0029198e+02
   3.2200000e+02   0.0000000e+00   4.0043165e+02
   3.2300000e+02   0.0000000e+00   4.0001549e+02
   3.2400000e+02   0.0000000e+00   4.0098406e+02
   3.2500000e+02   0.0000000e+00   4.0016717e+02
   3.2600000e+02   0.0000000e+00   4.0010622e+02
   3.2700000e+02   0.0000000e+00   4.0037241e+02
   3.2800000e+02   0.0000000e+00   4.0019812e+02
   3.2900000e+02   0.0000000e+00   4.0048969e+02
   3.3000000e+02   0.0000000e+00   4.0033949e+02
   3.3100000e+02   0.0000000e+00   4.0095163e+02
   3.3200000e+02   0.0000000e+00   4.0092033e+02
   3.3300000e+02   0.0000000e+00   4.0005268e+02
   3.3400000e+02   0.0000000e+00   4.0073786e+02
   3.3500000e+02   0.0000000e+00   4.0026912e+02
   3.3600000e+02   0.0000000e+00   4.0042284e+02
   3.3700000e+02   0.0000000e+00   4.0054787e+02
   3.3800000e+02   0.0000000e+00   4.0094274e+02
   3.3900000e+02   0.0000000e+00   4.0041774e+02
   3.4000000e+02   0.0000000e+00   4.0098305e+02
   3.4100000e+02   0.0000000e+00   4.0030145e+02
   3.4200000e+02   0.0000000e+00   4.0070110e+02
   3.4300000e+02   0.0000000e+00   4.0066634e+02
   3.4400000e+02   0.0000000e+00   4.0053913e+02
   3.4500000e+02   0.0000000e+00   4.0069811e+02
   3.4600000e+02   0.0000000e+00   4.0066653e+02
   3.4700000e+02   0.0000000e+00   4.0017813e+02
   3.4800000e+02   0.0000000e+00   4.0012801e+02
   3.4900000e+02   0.0000000e+00   4.0099908e+02
   3.5000000e+02   0.0000000e+00   4.0017112e+02
   3.5100000e+02   0.0000000e+00   4.0003260e+02
   3.5200000e+02   0.0000000e+00   4.0056120e+02
   3.5300000e+02   0.0000000e+00   4.0088187e+02
   3.5400000e+02   0.0000000e+00   4.0066918e+02
   3.5500000e+02   0.0000000e+00   4.0019043e+02
   3.5600000e+02   0.0000000e+00   4.0036892e+02
   3.5700000e+02   0.0000000e+00   4.0046073e+02
   3.5800000e+02   0.0000000e+00   4.0098164e+02
   3.5900000e+02   0.0000000e+00   4.0015640e+02
   3.6000000e+02   0.0000000e+00   4.0085552e+02
   3.6100000e+02   0.0000000e+00   4.0064476e+02
   3.6200000e+02   0.0000000e+00   4.0037627e+02
   3.6300000e+02   0.0000000e+00   4.0019092e+02
   3.6400000e+02   0.0000000e+00   4.0042825e+02
   3.6500000e+02   0.0000000e+00   4.0048202e+02
   3.6600000e+02   0.0000000e+00   4.0012061e+02
   3.6700000e+02   0.0000000e+00   4.0058951e+02
   3.6800000e+02   0.0000000e+00   4.0022619e+02
   3.6900000e+02   0.0000000e+00   4.0038462e+02
   3.7000000e+02   0.0000000e+00   4.0058299e+02
   3.7100000e+02   0.0000000e+00   4.0025181e+02
   3.7200000e+02   0.0000000e+00   4.0029044e+02
   3.7300000e+02   0.0000000e+00   4.0061709e+02
   3.7400000e+02   0.0000000e+00   4.0026528e+02
   3.7500000e+02   0.0000000e+00   4.0082438e+02
   3.7600000e+02   0.0000000e+00   4.0098266e+02
   3.7700000e+02   0.0000000e+00   4.0073025e+02
   3.7800000e+02   0.0000000e+00   4.0034388e+02
   3.7900000e+02   0.0000000e+00   4.0058407e+02
   3.8000000e+02   0.0000000e+00   4.0010777e+02
   3.8100000e+02   0.0000000e+00   4.0090631e+02
   3.8200000e+02   0.0000000e+00   4.0087965e+02
   3.8300000e+02   0.0000000e+00   4.0081776e+02
   3.8400000e+02   0.0000000e+00   4.0026073e+02
   3.8500000e+02   0.0000000e+00   4.0059436e+02
   3.8600000e+02   0.0000000e+00   4.0002251e+02
   3.8700000e+02   0.0000000e+00   4.0042526e+02
   3.8800000e+02   0.0000000e+00   4.0031272e+02
   3.8900000e+02   0.0000000e+00   4.0016148e+02
   3.9000000e+02   0.0000000e+00   4.0017877e+02
   3.9100000e+02   0.0000000e+00   4.0042289e+02
   3.9200000e+02   0.0000000e+00   4.0009423e+02
   3.9300000e+02   0.0000000e+00   4.0059852e+02
   3.9400000e+02   0.0000000e+00   4.0047092e+02
   3.9500000e+02   0.0000000e+00   4.0069595e+02
   3.9600000e+02   0.0000000e+00   4.0069989e+02
   3.9700000e+02   0.0000000e+00   4.0063853e+02
   3.9800000e+02   0.0000000e+00   4.0003360e+02
   3.9900000e+02   0.0000000e+00   4.0006881e+02
   4.0000000e+02   0.0000000e+00   4.0031960e+02
   4.0100000e+02   0.0000000e+00   4.0053086e+02
   4.0200000e+02   0.0000000e+00   4.0065445e+02
   4.0300000e+02   0.0000000e+00   4.0040762e+02
   4.0400000e+02   0.0000000e+00   4.0081998e+02
   4.0500000e+02   0.0000000e+00   4.0071836e+02
   4.0600000e+02   0.0000000e+00   4.0096865e+02
   4.0700000e+02   0.0000000e+00   4.0053133e+02
   4.0800000e+02   0.0000000e+00   4.0032515e+02
   4.0900000e+02   0.0000000e+00   4.0010563e+02
   4.1000000e+02   0.0000000e+00   4.0061096e+02
   4.1100000e+02   0.0000000e+00   4.0077880e+02
   4.1200000e+02   0.0000000e+00   4.0042345e+02
   4.1300000e+02   0.0000000e+00   4.0009082e+02
   4.1400000e+02   0.0000000e+00   4.0026647e+02
   4.1500000e+02   0.0000000e+00   4.0015366e+02
   4.1600000e+02   0.0000000e+00   4.0028101e+02
   4.1700000e+02   0.0000000e+00   4.0044009e+02
   4.1800000e+02   0.0000000e+00   4.0052714e+02
   4.1900000e+02   0.0000000e+00   4.0045742e+02
   4.2000000e+02   0.0000000e+00   4.0087537e+02
   4.2100000e+02   0.0000000e+00   4.0051805e+02
   4.2200000e+02   0.0000000e+00   4.0094362e+02
   4.2300000e+02   0.0000000e+00   4.0063771e+02
   4.2400000e+02   0.0000000e+00   4.0095769e+02
   4.2500000e+02   0.0000000e+00   4.0024071e+02
   4.2600000e+02   0.0000000e+00   4.0067612e+02
   4.2700000e+02   0.0000000e+00   4.0028906e+02
   4.2800000e+02   0.0000000e+00   4.0067181e+02
   4.2900000e+02   0.0000000e+00   4.0069514e+02
   4.3000000e+02   0.0000000e+00   4.0006799e+02
   4.3100000e+02   0.0000000e+00   4.0025479e+02
   4.3200000e+02   0.0000000e+00   4.0022404e+02
   4.3300000e+02   0.0000000e+00   4.0066783e+02
   4.3400000e+02   0.0000000e+00   4.0084439e+02
   4.3500000e+02   0.0000000e+00   4.0034446e+02
   4.3600000e+02   0.0000000e+00   4.0078052e+02
   4.3700000e+02   0.0000000e+00   4.0067533e+02
   4.3800000e+02   0.0000000e+00   4.0000672e+02
   4.3900000e+02   0.0000000e+00   4.0060217e+02
   4.4000000e+02   0.0000000e+00   4.0038677e+02
   4.4100000e+02   0.0000000e+00   4.0091599e+02
   4.4200000e+02   0.0000000e+00   4.0000115e+02
   4.4300000e+02   0.0000000e+00   4.0046245e+02
   4.4400000e+02   0.0000000e+00   4.0042435e+02
   4.4500000e+02   0.0000000e+00   4.0046092e+02
   4.4600000e+02   0.0000000e+00   4.0077016e+02
   4.4700000e+02   0.0000000e+00   4.0032247e+02
   4.4800000e+02   0.0000000e+00   4.0078474e+02
   4.4900000e+02   0.0000000e+00   4.0047136e+02
   4.5000000e+02   0.0000000e+00   4.0003576e+02
   4.5100000e+02   0.0000000e+00   4.0017587e+02
   4.5200000e+02   0.0000000e+00   4.0072176e+02
   4.5300000e+02   0.0000000e+00   4.0047349e+02
   4.5400000e+02   0.0000000e+00   4.0015272e+02
   4.5500000e+02   0.0000000e+00   4.0034112e+02
   4.5600000e+02   0.0000000e+00   4.0060739e+02
   4.5700000e+02   0.0000000e+00   4.0019175e+02
   4.5800000e+02   0.0000000e+00   4.0073843e+02
   4.5900000e+02   0.0000000e+00   4.0024285e+02
   4.6000000e+02   0.0000000e+00   4.0091742e+02
   4.6100000e+02   0.0000000e+00   4.0026906e+02
   4.6200000e+02   0.0000000e+00   4.0076550e+02
   4.6300000e+02   0.0000000e+00   4.0018866e+02
   4.6400000e+02   0.0000000e+00   4.0028750e+02
   4.6500000e+02   0.0000000e+00   4.0009111e+02
   4.6600000e+02   0.0000000e+00   4.0057621e+02
   4.6700000e+02   0.0000000e+00   4.0068336e+02
   4.6800000e+02   0.0000000e+00   4.0054659e+02
   4.6900000e+02   0.0000000e+00   4.0042573e+02
   4.7000000e+02   0.0000000e+00   4.0064444e+02
   4.7100000e+02   0.0000000e+00   4.0064762e+02
   4.7200000e+02   0.0000000e+00   4.0067902e+02
   4.7300000e+02   0.0000000e+00   4.0063579e+02
   4.7400000e+02   0.0000000e+00   4.0094517e+02
   4.7500000e+02   0.0000000e+00   4.0020893e+02
   4.7600000e+02   0.0000000e+00   4.0070928e+02
   4.7700000e+02   0.0000000e+00   4.0023623e+02
   4.7800000e+02   0.0000000e+00   4.0011940e+02
   4.7900000e+02   0.0000000e+00   4.0060730e+02
   4.8000000e+02   6.6294474e+01   4.0045014e+02
   4.8100000e+02   6.6294474e+01   4.6988914e+02
   4.8200000e+02   6.6294474e+01   5.3297846e+02
   4.8300000e+02   6.6294474e+01   5.9004542e+02
   4.8400000e+02   6.6294474e+01   6.4121521e+02
   4.8500000e+02   6.6294474e+01   6.8825413e+02
   4.8600000e+02   6.6294474e+01   7.3033105e+02
   4.8700000e+02   6.6294474e+01   7.6909035e+02
   4.8800000e+02   6.6294474e+01   8.0380166e+02
   4.8900000e+02   6.6294474e+01   8.3467286e+02
   4.9000000e+02   6.6294474e+01   8.6351338e+02
   4.9100000e+02   6.6294474e+01   8.8928089e+02
   4.9200000e+02   6.6294474e+01   9.1260639e+02
   4.9300000e+02   6.6294474e+01   9.3410009e+02
   4.9400000e+02   6.6294474e+01   9.5266451e+02
   4.9500000e+02   6.6294474e+01   9.7008052e+02
   4.9600000e+02   6.6294474e+01   9.8560781e+02
   4.9700000e+02   6.6294474e+01   1.0006723e+03
   4.9800000e+02   6.6294474e+01   1.0132793e+03
   4.9900000e+02   6.6294474e+01   1.0247984e+03
   5.0000000e+02   6.6294474e+01   1.0355421e+03
   5.0100000e+02   6.6294474e+01   1.0450337e+03
   5.0200000e+02   6.6294474e+01   1.0538189e+03
   5.0300000e+02   6.6294474e+01   1.0615797e+03
   5.0400000e+02   6.6294474e+01   1.0688798e+03
   5.0500000e+02   6.6294474e+01   1.0751329e+03
   5.0600000e+02   6.6294474e+01   1.0814475e+03
   5.0700000e+02   6.6294474e+01   1.0859652e+03
   5.0800000e+02   6.6294474e+01   1.0906461e+03
   5.0900000e+02   6.6294474e+01   1.0949920e+03
   5.1000000e+02   6.6294474e+01   1.0988786e+03
   5.1100000e+02   6.6294474e+01   1.1027816e+03
   5.1200000e+02   6.6294474e+01   1.1060516e+03
   5.1300000e+02   6.6294474e+01   1.1088912e+03
   5.1400000e+02   6.6294474e+01   1.1119357e+03
   5.1500000e+02   6.6294474e+01   1.1141973e+03
   5.1600000e+02   6.6294474e+01   1.1165127e+03
   5.1700000e+02   6.6294474e+01   1.1186402e+03
   5.1800000e+02   6.6294474e+01   1.1204613e+03
   5.1900000e+02   6.6294474e+01   1.1212940e+03
   5.2000000e+02   6.6294474e+01   1.1227021e+03
   5.2100000e+02   6.6294474e+01   1.1245831e+03
   5.2200000e+02   6.6294474e+01   1.1251795e+03
   5.2300000e+02   6.6294474e+01   1.1266969e+03
   5.2400000e+02   6.6294474e+01   1.1276853e+03
   5.2500000e+02   6.6294474e+01   1.1289068e+03
   5.2600000e+02   6.6294474e+01   1.1293373e+03
   5.2700000e+02   6.6294474e+01   1.1299767e+03
   5.2800000e+02   6.6294474e+01   1.1309165e+03
   5.2900000e+02   6.6294474e+01   1.1315859e+03
   5.3000000e+02   0.0000000e+00   1.1319076e+03
   5.3100000e+02   0.0000000e+00   1.0627967e+03
   5.3200000e+02   0.0000000e+00   1.0001583e+03
   5.3300000e+02   0.0000000e+00   9.4403926e+02
   5.3400000e+02   0.0000000e+00   8.9249089e+02
   5.3500000e+02   0.0000000e+00   8.4587705e+02
   5.3600000e+02   0.0000000e+00   8.0456456e+02
   5.3700000e+02   0.0000000e+00   7.6599041e+02
   5.3800000e+02   0.0000000e+00   7.3171564e+02
   5.3900000e+02   0.0000000e+00   7.0073612e+02
   5.4000000e+02   6.8115839e+01   6.7212581e+02
   5.4100000e+02   6.8115839e+01   7.1822488e+02
   5.4200000e+02   6.8115839e+01   7.5929557e+02
   5.4300000e+02   6.8115839e+01   7.9709320e+02
   5.4400000e+02   6.8115839e+01   8.3108725e+02
   5.4500000e+02   6.8115839e+01   8.6159670e+02
   5.4600000e+02   6.8115839e+01   8.8904474e+02
   5.4700000e+02   6.8115839e+01   9.1459977e+02
   5.4800000e+02   6.8115839e+01   9.3755757e+02
   5.4900000e+02   6.8115839e+01   9.5811274e+02
   5.5000000e+02   6.8115839e+01   9.7679674e+02
   5.5100000e+02   6.8115839e+01   9.9441063e+02
   5.5200000e+02   6.8115839e+01   1.0094067e+03
   5.5300000e+02   6.8115839e+01   1.0238020e+03
   5.5400000e+02   6.8115839e+01   1.0359291e+03
   5.5500000e+02   6.8115839e+01   1.0477409e+03
   5.5600000e+02   6.8115839e+01   1.0577247e+03
   5.5700000e+02   6.8115839e+01   1.0675164e+03
   5.5800000e+02   6.8115839e+01   1.0759588e+03
   5.5900000e+02   6.8115839e+01   1.0832762e+03
   5.6000000e+02   6.8115839e+01   1.0900846e+03
   5.6100000e+02   6.8115839e+01   1.0969718e+03
   5.6200000e+02   6.8115839e+01   1.1028484e+03
   5.6300000e+02   6.8115839e+01   1.1074055e+03
   5.6400000e+02   6.8115839e+01   1.1124399e+03
   5.6500000e+02   6.8115839e+01   1.1164558e+03
   5.6600000e+02   6.8115839e+01   1.1206988e+03
   5.6700000e+02   6.8115839e+01   1.1241195e+03
   5.6800000e+02   6.8115839e+01   1.1266748e+03
   5.6900000e+02   6.8115839e+01   1.1302288e+03
   5.7000000e+02   6.8115839e+01   1.1329465e+03
   5.7100000e+02   6.8115839e+01   1.1348168e+03
   5.7200000e+02   6.8115839e+01   1.1373112e+03
   5.7300000e+02   6.8115839e+01   1.1389393e+03
   5.7400000e+02   6.8115839e+01   1.1402490e+03
   5.7500000e+02   6.8115839e+01   1.1418727e+03
   5.7600000e+02   6.8115839e+01   1.1435097e+03
   5.7700000e+02   6.8115839e+01   1.1451465e+03
   5.7800000e+02   6.8115839e+01   1.1463964e+03
   5.7900000e+02   6.8115839e+01   1.1474232e+03
   5.8000000e+02   6.8115839e+01   1.1479141e+03
   5.8100000e+02   6.8115839e+01   1.1490013e+03
   5.8200000e+02   6.8115839e+01   1.1493466e+03
   5.8300000e+02   6.8115839e+01   1.1500834e+03
   5.8400000e+02   6.8115839e+01   1.1507556e+03
   5.8500000e+02   6.8115839e+01   1.1518846e+03
   5.8600000e+02   6.8115839e+01   1.1522324e+03
   5.8700000e+02   6.8115839e+01   1.1524082e+03
   5.8800000e+02   6.8115839e+01   1.1531493e+03
   5.8900000e+02   6.8115839e+01   1.1531967e+03
   5.9000000e+02   0.0000000e+00   1.1534616e+03
   5.9100000e+02   0.0000000e+00   1.0832433e+03
   5.9200000e+02   0.0000000e+00   1.0186327e+03
   5.9300000e+02   0.0000000e+00   9.6074392e+02
   5.9400000e+02   0.0000000e+00   9.0774439e+02
   5.9500000e+02   0.0000000e+00   8.5983757e+02
   5.9600000e+02   0.0000000e+00   8.1678207e+02
   5.9700000e+02   0.0000000e+00   7.7763779e+02
   5.9800000e+02   0.0000000e+00   7.4223543e+02
   5.9900000e+02   0.0000000e+00   7.0908207e+02
   6.0000000e+02   5.2539736e+01   6.8081379e+02
   6.0100000e+02   5.2539736e+01   7.0919878e+02
   6.0200000e+02   5.2539736e+01   7.3551470e+02
   6.0300000e+02   5.2539736e+01   7.5854607e+02
   6.0400000e+02   5.2539736e+01   7.7977711e+02
   6.0500000e+02   5.2539736e+01   7.9937240e+02
   6.0600000e+02   5.2539736e+01   8.1625571e+02
   6.0700000e+02   5.2539736e+01   8.3233733e+02
   6.0800000e+02   5.2539736e+01   8.4706113e+02
   6.0900000e+02   5.2539736e+01   8.5970612e+02
   6.1000000e+02   5.2539736e+01   8.7172518e+02
   6.1100000e+02   5.2539736e+01   8.8225981e+02
   6.1200000e+02   5.2539736e+01   8.9174531e+02
   6.1300000e+02   5.2539736e+01   9.0013575e+02
   6.1400000e+02   5.2539736e+01   9.0846228e+02
   6.1500000e+02   5.2539736e+01   9.1504092e+02
   6.1600000e+02   5.2539736e+01   9.2206994e+02
   6.1700000e+02   5.2539736e+01   9.2798006e+02
   6.1800000e+02   5.2539736e+01   9.3337023e+02
   6.1900000e+02   5.2539736e+01   9.3835102e+02
   6.2000000e+02   5.2539736e+01   9.4280806e+02
   6.2100000e+02   5.2539736e+01   9.4654879e+02
   6.2200000e+02   5.2539736e+01   9.4994252e+02
   6.2300000e+02   5.2539736e+01   9.5353314e+02
   6.2400000e+02   5.2539736e+01   9.5612292e+02
   6.2500000e+02   5.2539736e+01   9.5822088e+02
   6.2600000e+02   5.2539736e+01   9.6073501e+02
   6.2700000e+02   5.2539736e+01   9.6365993e+02
   6.2800000e+02   5.2539736e+01   9.6525881e+02
   6.2900000e+02   5.2539736e+01   9.6741029e+02
   6.3000000e+02   5.2539736e+01   9.6839695e+02
   6.3100000e+02   5.2539736e+01   9.7020905e+02
   6.3200000e+02   5.2539736e+01   9.7161738e+02
   6.3300000e+02   5.2539736e+01   9.7222479e+02
   6.3400000e+02   5.2539736e+01   9.7389920e+02
   6.3500000e+02   5.2539736e+01   9.7463569e+02
   6.3600000e+02   5.2539736e+01   9.7521841e+02
   6.3700000e+02   5.2539736e+01   9.7646962e+02
   6.3800000e+02   5.2539736e+01   9.7690728e+02
   6.3900000e+02   5.2539736e+01   9.7750331e+02
   6.4000000e+02   5.2539736e+01   9.7818846e+02
   6.4100000e+02   5.2539736e+01   9.7867541e+02
   6.4200000e+02   5.2539736e+01   9.7921244e+02
   6.4300000e+02   5.2539736e+01   9.7951388e+02
   6.4400000e+02   5.2539736e+01   9.8051207e+02
   6.4500000e+02   5.2539736e+01   9.8052615e+02
   6.4600000e+02   5.2539736e+01   9.8111566e+02
   6.4700000e+02   5.2539736e+01   9.8157365e+02
   6.4800000e+02   5.2539736e+01   9.8165060e+02
   6.4900000e+02   5.2539736e+01   9.8193456e+02
   6.5000000e+02   0.0000000e+00   9.8206790e+02
   6.5100000e+02   0.0000000e+00   9.2692447e+02
   6.5200000e+02   0.0000000e+00   8.7763610e+02
   6.5300000e+02   0.0000000e+00   8.3302428e+02
   6.5400000e+02   0.0000000e+00   7.9230991e+02
   6.5500000e+02   0.0000000e+00   7.5481058e+02
   6.5600000e+02   0.0000000e+00   7.2133074e+02
   6.5700000e+02   0.0000000e+00   6.9141914e+02
   6.5800000e+02   0.0000000e+00   6.6407935e+02
   6.5900000e+02   0.0000000e+00   6.3902502e+02
   6.6000000e+02   6.8267517e+01   6.1632342e+02
   6.6100000e+02   6.8267517e+01   6.6819153e+02
   6.6200000e+02   6.8267517e+01   7.1363280e+02
   6.6300000e+02   6.8267517e+01   7.5559879e+02
   6.6400000e+02   6.8267517e+01   7.9362410e+02
   6.6500000e+02   6.8267517e+01   8.2805675e+02
   6.6600000e+02   6.8267517e+01   8.5967626e+02
   6.6700000e+02   6.8267517e+01   8.8785650e+02
   6.6800000e+02   6.8267517e+01   9.1290170e+02
   6.6900000e+02   6.8267517e+01   9.3693780e+02
   6.7000000e+02   6.8267517e+01   9.5770952e+02
   6.7100000e+02   6.8267517e+01   9.7671599e+02
   6.7200000e+02   6.8267517e+01   9.9324820e+02
   6.7300000e+02   6.8267517e+01   1.0096300e+03
   6.7400000e+02   6.8267517e+01   1.0238198e+03
   6.7500000e+02   6.8267517e+01   1.0366551e+03
   6.7600000e+02   6.8267517e+01   1.0481098e+03
   6.7700000e+02   6.8267517e+01   1.0585251e+03
   6.7800000e+02   6.8267517e+01   1.0677530e+03
   6.7900000e+02   6.8267517e+01   1.0760218e+03
   6.8000000e+02   6.8267517e+01   1.0840364e+03
   6.8100000e+02   6.8267517e+01   1.0908306e+03
   6.8200000e+02   6.8267517e+01   1.0971212e+03
   6.8300000e+02   6.8267517e+01   1.1038204e+03
   6.8400000e+02   6.8267517e+01   1.1084277e+03
   6.8500000e+02   6.8267517e+01   1.1131726e+03
   6.8600000e+02   6.8267517e+01   1.1175129e+03
   6.8700000e+02   6.8267517e+01   1.1215444e+03
   6.8800000e+02   6.8267517e+01   1.1252555e+03
   6.8900000e+02   6.8267517e+01   1.1278298e+03
   6.9000000e+02   6.8267517e+01   1.1315427e+03
   6.9100000e+02   6.8267517e+01   1.1338825e+03
   6.9200000e+02   6.8267517e+01   1.1365533e+03
   6.9300000e+02   6.8267517e+01   1.1381988e+03
   6.9400000e+02   6.8267517e+01   1.1402459e+03
   6.9500000e+02   6.8267517e+01   1.1416194e+03
   6.9600000e+02   6.8267517e+01   1.1433411e+03
   6.9700000e+02   6.8267517e+01   1.1452750e+03
   6.9800000e+02   6.8267517e+01   1.1462547e+03
   6.9900000e+02   6.8267517e+01   1.1480104e+03
   7.0000000e+02   6.8267517e+01   1.1483061e+03
   7.0100000e+02   6.8267517e+01   1.1501510e+03
   7.0200000e+02   6.8267517e+01   1.1505853e+03
   7.0300000e+02   6.8267517e+01   1.1515518e+03
   7.0400000e+02   6.8267517e+01   1.1525685e+03
   7.0500000e+02   6.8267517e+01   1.1525128e+03
   7.0600000e+02   6.8267517e+01   1.1532336e+03
   7.0700000e+02   6.8267517e+01   1.1538220e+03
   7.0800000e+02   6.8267517e+01   1.1546085e+03
   7.0900000e+02   6.8267517e+01   1.1551042e+03
   7.1000000e+02   0.0000000e+00   1.1547861e+03
   7.1100000e+02   0.0000000e+00   1.0837293e+03
   7.1200000e+02   0.0000000e+00   1.0194812e+03
   7.1300000e+02   0.0000000e+00   9.6082151e+02
   7.1400000e+02   0.0000000e+00   9.0843052e+02
   7.1500000e+02   0.0000000e+00   8.6037039e+02
   7.1600000e+02   0.0000000e+00   8.1684860e+02
   7.1700000e+02   0.0000000e+00   7.7760741e+02
   7.1800000e+02   0.0000000e+00   7.4273106e+02
   7.1900000e+02   0.0000000e+00   7.1028172e+02
   7.2000000e+02   6.2647185e+01   6.8089214e+02
   7.2100000e+02   6.2647185e+01   7.2051443e+02
   7.2200000e+02   6.2647185e+01   7.5519206e+02
   7.2300000e+02   6.2647185e+01   7.8797456e+02
   7.2400000e+02   6.2647185e+01   8.1707672e+02
   7.2500000e+02   6.2647185e+01   8.4326979e+02
   7.2600000e+02   6.2647185e+01   8.6677427e+02
   7.2700000e+02   6.2647185e+01   8.8881837e+02
   7.2800000e+02   6.2647185e+01   9.0811329e+02
   7.2900000e+02   6.2647185e+01   9.2569297e+02
   7.3000000e+02   6.2647185e+01   9.4184429e+02
   7.3100000e+02   6.2647185e+01   9.5708450e+02
   7.3200000e+02   6.2647185e+01   9.6944669e+02
   7.3300000e+02   6.2647185e+01   9.8156055e+02
   7.3400000e+02   6.2647185e+01   9.9218895e+02
   7.3500000e+02   6.2647185e+01   1.0023745e+03
   7.3600000e+02   6.2647185e+01   1.0108201e+03
   7.3700000e+02   6.2647185e+01   1.0197416e+03
   7.3800000e+02   6.2647185e+01   1.0263211e+03
   7.3900000e+02   6.2647185e+01   1.0328116e+03
   7.4000000e+02   6.2647185e+01   1.0389979e+03
   7.4100000e+02   6.2647185e+01   1.0445559e+03
   7.4200000e+02   6.2647185e+01   1.0491010e+03
   7.4300000e+02   6.2647185e+01   1.0544324e+03
   7.4400000e+02   6.2647185e+01   1.0577885e+03
   7.4500000e+02   6.2647185e+01   1.0613943e+03
   7.4600000e+02   6.2647185e+01   1.0644564e+03
   7.4700000e+02   6.2647185e+01   1.0676792e+03
   7.4800000e+02   6.2647185e+01   1.0701324e+03
   7.4900000e+02   6.2647185e+01   1.0730416e+03
   7.5000000e+02   6.2647185e+01   1.0755167e+03
   7.5100000e+02   6.2647185e+01   1.0773964e+03
   7.5200000e+02   6.2647185e+01   1.0786757e+03
   7.5300000e+02   6.2647185e+01   1.0803156e+03
   7.5400000e+02   6.2647185e+01   1.0825055e+03
   7.5500000e+02   6.2647185e+01   1.0839861e+03
   7.5600000e+02   6.2647185e+01   1.0848400e+03
   7.5700000e+02   6.2647185e+01   1.0855251e+03
   7.5800000e+02   6.2647185e+01   1.0872469e+03
   7.5900000e+02   6.2647185e+01   1.0876696e+03
   7.6000000e+02   6.2647185e+01   1.0884501e+03
   7.6100000e+02   6.2647185e+01   1.0896493e+03
   7.6200000e+02   6.2647185e+01   1.0895898e+03
   7.6300000e+02   6.2647185e+01   1.0902406e+03
   7.6400000e+02   6.2647185e+01   1.0914150e+03
   7.6500000e+02   6.2647185e+01   1.0918532e+03
   7.6600000e+02   6.2647185e+01   1.0922311e+03
   7.6700000e+02   6.2647185e+01   1.0928471e+03
   7.6800000e+02   6.2647185e+01   1.0931981e+03
   7.6900000e+02   6.2647185e+01   1.0936105e+03
   7.7000000e+02   0.0000000e+00   1.0934235e+03
   7.7100000e+02   0.0000000e+00   1.0284950e+03
   7.7200000e+02   0.0000000e+00   9.6918420e+02
   7.7300000e+02   0.0000000e+00   9.1542676e+02
   7.7400000e+02   0.0000000e+00   8.6654647e+02
   7.7500000e+02   0.0000000e+00   8.2329545e+02
   7.7600000e+02   0.0000000e+00   7.8302772e+02
   7.7700000e+02   0.0000000e+00   7.4722666e+02
   7.7800000e+02   0.0000000e+00   7.1468870e+02
   7.7900000e+02   0.0000000e+00   6.8446042e+02
   7.8000000e+02   5.1950808e+01   6.5768091e+02
   7.8100000e+02   5.1950808e+01   6.8823456e+02
   7.8200000e+02   5.1950808e+01   7.1546209e+02
   7.8300000e+02   5.1950808e+01   7.4058672e+02
   7.8400000e+02   5.1950808e+01   7.6288461e+02
   7.8500000e+02   5.1950808e+01   7.8309902e+02
   7.8600000e+02   5.1950808e+01   8.0078361e+02
   7.8700000e+02   5.1950808e+01   8.1744147e+02
   7.8800000e+02   5.1950808e+01   8.3252533e+02
   7.8900000e+02   5.1950808e+01   8.4688308e+02
   7.9000000e+02   5.1950808e+01   8.5938925e+02
   7.9100000e+02   5.1950808e+01   8.7032631e+02
   7.9200000e+02   5.1950808e+01   8.7991568e+02
   7.9300000e+02   5.1950808e+01   8.8969147e+02
   7.9400000e+02   5.1950808e+01   8.9739848e+02
   7.9500000e+02   5.1950808e+01   9.0494084e+02
   7.9600000e+02   5.1950808e+01   9.1228903e+02
   7.9700000e+02   5.1950808e+01   9.1815879e+02
   7.9800000e+02   5.1950808e+01   9.2408279e+02
   7.9900000e+02   5.1950808e+01   9.2924936e+02
   8.0000000e+02   5.1950808e+01   9.3367666e+02
   8.0100000e+02   5.1950808e+01   9.3799381e+02
   8.0200000e+02   5.1950808e+01   9.4125677e+02
   8.0300000e+02   5.1950808e+01   9.4516989e+02
   8.0400000e+02   5.1950808e+01   9.4849682e+02
   8.0500000e+02   5.1950808e+01   9.5119306e+02
   8.0600000e+02   5.1950808e+01   9.5294836e+02
   8.0700000e+02   5.1950808e+01   9.5552553e+02
   8.0800000e+02   5.1950808e+01   9.5760875e+02
   8.0900000e+02   5.1950808e+01   9.5980894e+02
   8.1000000e+02   5.1950808e+01   9.6142859e+02
   8.1100000e+02   5.1950808e+01   9.6316589e+02
   8.1200000e+02   5.1950808e+01   9.6414434e+02
   8.1300000e+02   5.1950808e+01   9.6525090e+02
   8.1400000e+02   5.1950808e+01   9.6628019e+02
   8.1500000e+02   5.1950808e+01   9.6800584e+02
   8.1600000e+02   5.1950808e+01   9.6838190e+02
   8.1700000e+02   5.1950808e+01   9.6941799e+02
   8.1800000e+02   5.1950808e+01   9.7035455e+02
   8.1900000e+02   5.1950808e+01   9.7073191e+02
   8.2000000e+02   5.1950808e+01   9.7177908e+02
   8.2100000e+02   5.1950808e+01   9.7219603e+02
   8.2200000e+02   5.1950808e+01   9.7238366e+02
   8.2300000e+02   5.1950808e+01   9.7348498e+02
   8.2400000e+02   5.1950808e+01   9.7323046e+02
   8.2500000e+02   5.1950808e+01   9.7381050e+02
   8.2600000e+02   5.1950808e+01   9.7410395e+02
   8.2700000e+02   5.1950808e+01   9.7471459e+02
   8.2800000e+02   5.1950808e+01   9.7456247e+02
   8.2900000e+02   5.1950808e+01   9.7513646e+02
   8.3000000e+02   0.0000000e+00   9.7507164e+02
   8.3100000e+02   0.0000000e+00   9.2088426e+02
   8.3200000e+02   0.0000000e+00   8.7246985e+02
   8.3300000e+02   0.0000000e+00   8.2751720e+02
   8.3400000e+02   0.0000000e+00   7.8756003e+02
   8.3500000e+02   0.0000000e+00   7.5144745e+02
   8.3600000e+02   0.0000000e+00   7.1787993e+02
   8.3700000e+02   0.0000000e+00   6.8822046e+02
   8.3800000e+02   0.0000000e+00   6.6118241e+02
   8.3900000e+02   0.0000000e+00   6.3631007e+02
   8.4000000e+02   5.5569964e+01   6.1429976e+02
   8.4100000e+02   5.5569964e+01   6.5181509e+02
   8.4200000e+02   5.5569964e+01   6.8711263e+02
   8.4300000e+02   5.5569964e+01   7.1759049e+02
   8.4400000e+02   5.5569964e+01   7.4595026e+02
   8.4500000e+02   5.5569964e+01   7.7209727e+02
   8.4600000e+02   5.5569964e+01   7.9498797e+02
   8.4700000e+02   5.5569964e+01   8.1628339e+02
   8.4800000e+02   5.5569964e+01   8.3494378e+02
   8.4900000e+02   5.5569964e+01   8.5206002e+02
   8.5000000e+02   5.5569964e+01   8.6743869e+02
   8.5100000e+02   5.5569964e+01   8.8221736e+02
   8.5200000e+02   5.5569964e+01   8.9478320e+02
   8.5300000e+02   5.5569964e+01   9.0640754e+02
   8.5400000e+02   5.5569964e+01   9.1707424e+02
   8.5500000e+02   5.5569964e+01   9.2604185e+02
   8.5600000e+02   5.5569964e+01   9.3491918e+02
   8.5700000e+02   5.5569964e+01   9.4318443e+02
   8.5800000e+02   5.5569964e+01   9.5018049e+02
   8.5900000e+02   5.5569964e+01   9.5601511e+02
   8.6000000e+02   5.5569964e+01   9.6182187e+02
   8.6100000e+02   5.5569964e+01   9.6703914e+02
   8.6200000e+02   5.5569964e+01   9.7171434e+02
   8.6300000e+02   5.5569964e+01   9.7644072e+02
   8.6400000e+02   5.5569964e+01   9.8057793e+02
   8.6500000e+02   5.5569964e+01   9.8418197e+02
   8.6600000e+02   5.5569964e+01   9.8719359e+02
   8.6700000e+02   5.5569964e+01   9.8967260e+02
   8.6800000e+02   5.5569964e+01   9.9282347e+02
   8.6900000e+02   5.5569964e+01   9.9469842e+02
   8.7000000e+02   5.5569964e+01   9.9686209e+02
   8.7100000e+02   5.5569964e+01   9.9877904e+02
   8.7200000e+02   5.5569964e+01   1.0005911e+03
   8.7300000e+02   5.5569964e+01   1.0022192e+03
   8.7400000e+02   5.5569964e+01   1.0036981e+03
   8.7500000e+02   5.5569964e+01   1.0051335e+03
   8.7600000e+02   5.5569964e+01   1.0063227e+03
   8.7700000e+02   5.5569964e+01   1.0073020e+03
   8.7800000e+02   5.5569964e+01   1.0083119e+03
   8.7900000e+02   5.5569964e+01   1.0098382e+03
   8.8000000e+02   5.5569964e+01   1.0104496e+03
   8.8100000e+02   5.5569964e+01   1.0110277e+03
   8.8200000e+02   5.5569964e+01   1.0113135e+03
   8.8300000e+02   5.5569964e+01   1.0119364e+03
   8.8400000e+02   5.5569964e+01   1.0123408e+03
   8.8500000e+02   5.5569964e+01   1.0136656e+03
   8.8600000e+02   5.5569964e+01   1.0139008e+03
   8.8700000e+02   5.5569964e+01   1.0141524e+03
   8.8800000e+02   5.5569964e+01   1.0142709e+03
   8.8900000e+02   5.5569964e+01   1.0144523e+03
   8.9000000e+02   0.0000000e+00   1.0152063e+03
   8.9100000e+02   0.0000000e+00   9.5764270e+02
   8.9200000e+02   0.0000000e+00   9.0435643e+02
   8.9300000e+02   0.0000000e+00   8.5692058e+02
   8.9400000e+02   0.0000000e+00   8.1401579e+02
   8.9500000e+02   0.0000000e+00   7.7470638e+02
   8.9600000e+02   0.0000000e+00   7.4000465e+02
   8.9700000e+02   0.0000000e+00   7.0773950e+02
   8.9800000e+02   0.0000000e+00   6.7935119e+02
   8.9900000e+02   0.0000000e+00   6.5253229e+02
   9.0000000e+02   6.0937630e+01   6.2898568e+02
   9.0100000e+02   6.0937630e+01   6.7081448e+02
   9.0200000e+02   6.0937630e+01   7.0934995e+02
   9.0300000e+02   6.0937630e+01   7.4382737e+02
   9.0400000e+02   6.0937630e+01   7.7585148e+02
   9.0500000e+02   6.0937630e+01   8.0442937e+02
   9.0600000e+02   6.0937630e+01   8.2969091e+02
   9.0700000e+02   6.0937630e+01   8.5337740e+02
   9.0800000e+02   6.0937630e+01   8.7413669e+02
   9.0900000e+02   6.0937630e+01   8.9353023e+02
   9.1000000e+02   6.0937630e+01   9.1118339e+02
   9.1100000e+02   6.0937630e+01   9.2666434e+02
   9.1200000e+02   6.0937630e+01   9.4063670e+02
   9.1300000e+02   6.0937630e+01   9.5349345e+02
   9.1400000e+02   6.0937630e+01   9.6532440e+02
   9.1500000e+02   6.0937630e+01   9.7587135e+02
   9.1600000e+02   6.0937630e+01   9.8538825e+02
   9.1700000e+02   6.0937630e+01   9.9426393e+02
   9.1800000e+02   6.0937630e+01   1.0023072e+03
   9.1900000e+02   6.0937630e+01   1.0091074e+03
   9.2000000e+02   6.0937630e+01   1.0155597e+03
   9.2100000e+02   6.0937630e+01   1.0210949e+03
   9.2200000e+02   6.0937630e+01   1.0262837e+03
   9.2300000e+02   6.0937630e+01   1.0313401e+03
   9.2400000e+02   6.0937630e+01   1.0357066e+03
   9.2500000e+02   6.0937630e+01   1.0399729e+03
   9.2600000e+02   6.0937630e+01   1.0438358e+03
   9.2700000e+02   6.0937630e+01   1.0470388e+03
   9.2800000e+02   6.0937630e+01   1.0494812e+03
   9.2900000e+02   6.0937630e+01   1.0519088e+03
   9.3000000e+02   6.0937630e+01   1.0548279e+03
   9.3100000e+02   6.0937630e+01   1.0569932e+03
   9.3200000e+02   6.0937630e+01   1.0589399e+03
   9.3300000e+02   6.0937630e+01   1.0607230e+03
   9.3400000e+02   6.0937630e+01   1.0616975e+03
   9.3500000e+02   6.0937630e+01   1.0637335e+03
   9.3600000e+02   6.0937630e+01   1.0648379e+03
   9.3700000e+02   6.0937630e+01   1.0657848e+03
   9.3800000e+02   6.0937630e+01   1.0667563e+03
   9.3900000e+02   6.0937630e+01   1.0684642e+03
   9.4000000e+02   6.0937630e+01   1.0687058e+03
   9.4100000e+02   6.0937630e+01   1.0695006e+03
   9.4200000e+02   6.0937630e+01   1.0707333e+03
   9.4300000e+02   6.0937630e+01   1.0716232e+03
   9.4400000e+02   6.0937630e+01   1.0718444e+03
   9.4500000e+02   6.0937630e+01   1.0725732e+03
   9.4600000e+02   6.0937630e+01   1.0725156e+03
   9.4700000e+02   6.0937630e+01   1.0737606e+03
   9.4800000e+02   6.0937630e+01   1.0737512e+03
   9.4900000e+02   6.0937630e+01   1.0742553e+03
   9.5000000e+02   0.0000000e+00   1.0739429e+03
   9.5100000e+02   0.0000000e+00   1.0111949e+03
   9.5200000e+02   0.0000000e+00   9.5360104e+02
   9.5300000e+02   0.0000000e+00   9.0086224e+02
   9.5400000e+02   0.0000000e+00   8.5406851e+02
   9.5500000e+02   0.0000000e+00   8.1111952e+02
   9.5600000e+02   0.0000000e+00   7.7261983e+02
   9.5700000e+02   0.0000000e+00   7.3740164e+02
   9.5800000e+02   0.0000000e+00   7.0565288e+02
   9.5900000e+02   0.0000000e+00   6.7664764e+02
   9.6000000e+02   6.9150137e+01   6.5066327e+02
   9.6100000e+02   6.9150137e+01   6.9924681e+02
   9.6200000e+02   6.9150137e+01   7.4436685e+02
   9.6300000e+02   6.9150137e+01   7.8414602e+02
   9.6400000e+02   6.9150137e+01   8.2069914e+02
   9.6500000e+02   6.9150137e+01   8.5278515e+02
   9.6600000e+02   6.9150137e+01   8.8330101e+02
   9.6700000e+02   6.9150137e+01   9.1012791e+02
   9.6800000e+02   6.9150137e+01   9.3432343e+02
   9.6900000e+02   6.9150137e+01   9.5629778e+02
   9.7000000e+02   6.9150137e+01   9.7614288e+02
   9.7100000e+02   6.9150137e+01   9.9477699e+02
   9.7200000e+02   6.9150137e+01   1.0106837e+03
   9.7300000e+02   6.9150137e+01   1.0254005e+03
   9.7400000e+02   6.9150137e+01   1.0395823e+03
   9.7500000e+02   6.9150137e+01   1.0516944e+03
   9.7600000e+02   6.9150137e+01   1.0627959e+03
   9.7700000e+02   6.9150137e+01   1.0727380e+03
   9.7800000e+02   6.9150137e+01   1.0815862e+03
   9.7900000e+02   6.9150137e+01   1.0897741e+03
   9.8000000e+02   6.9150137e+01   1.0976412e+03
   9.8100000e+02   6.9150137e+01   1.1038828e+03
   9.8200000e+02   6.9150137e+01   1.1104849e+03
   9.8300000e+02   6.9150137e+01   1.1159890e+03
   9.8400000e+02   6.9150137e+01   1.1210606e+03
   9.8500000e+02   6.9150137e+01   1.1252502e+03
   9.8600000e+02   6.9150137e+01   1.1294889e+03
   9.8700000e+02   6.9150137e+01   1.1335256e+03
   9.8800000e+02   6.9150137e+01   1.1363893e+03
   9.8900000e+02   6.9150137e+01   1.1390583e+03
   9.9000000e+02   6.9150137e+01   1.1426302e+03
   9.9100000e+02   6.9150137e+01   1.1448992e+03
   9.9200000e+02   6.9150137e+01   1.1468916e+03
   9.9300000e+02   6.9150137e+01   1.1495882e+03
   9.9400000e+02   6.9150137e+01   1.1506763e+03
   9.9500000e+02   6.9150137e+01   1.1527902e+03
   9.9600000e+02   6.9150137e+01   1.1542694e+03
   9.9700000e+02   6.9150137e+01   1.1554345e+03
   9.9800000e+02   6.9150137e+01   1.1564419e+03
   9.9900000e+02   6.9150137e+01   1.1574592e+03
   1.0000000e+03   6.9150137e+01   1.1588827e+03
   1.0010000e+03   6.9150137e+01   1.1595763e+03
   1.0020000e+03   6.9150137e+01   1.1609609e+03
   1.0030000e+03   6.9150137e+01   1.1613689e+03
   1.0040000e+03   6.9150137e+01   1.1625316e+03
   1.0050000e+03   6.9150137e+01   1.1630506e+03
   1.0060000e+03   6.9150137e+01   1.1634547e+03
   1.0070000e+03   6.9150137e+01   1.1635743e+03
   1.0080000e+03   6.9150137e+01   1.1648202e+03
   1.0090000e+03   6.9150137e+01   1.1645497e+03
   1.0100000e+03   0.0000000e+00   1.1655907e+03
   1.0110000e+03   0.0000000e+00   1.0928146e+03
   1.0120000e+03   0.0000000e+00   1.0276826e+03
   1.0130000e+03   0.0000000e+00   9.6826811e+02
   1.0140000e+03   0.0000000e+00   9.1526556e+02
   1.0150000e+03   0.0000000e+00   8.6629886e+02
   1.0160000e+03   0.0000000e+00   8.2222825e+02
   1.0170000e+03   0.0000000e+00   7.8311253e+02
   1.0180000e+03   0.0000000e+00   7.4669381e+02
   1.0190000e+03   0.0000000e+00   7.1436132e+02
   1.0200000e+03   0.0000000e+00   6.8451599e+02
   1.0210000e+03   0.0000000e+00   6.5797794e+02
   1.0220000e+03   0.0000000e+00   6.3311508e+02
   1.0230000e+03   0.0000000e+00   6.1203324e+02
   1.0240000e+03   0.0000000e+00   5.9202338e+02
   1.0250000e+03   0.0000000e+00   5.7394452e+02
   1.0260000e+03   0.0000000e+00   5.5768655e+02
   1.0270000e+03   0.0000000e+00   5.4247028e+02
   1.0280000e+03   0.0000000e+00   5.2931152e+02
   1.0290000e+03   0.0000000e+00   5.1713936e+02
   1.0300000e+03   0.0000000e+00   5.0610693e+02
   1.0310000e+03   0.0000000e+00   4.9590055e+02
   1.0320000e+03   0.0000000e+00   4.8686071e+02
   1.0330000e+03   0.0000000e+00   4.7889990e+02
   1.0340000e+03   0.0000000e+00   4.7128166e+02
   1.0350000e+03   0.0000000e+00   4.6516104e+02
   1.0360000e+03   0.0000000e+00   4.5927662e+02
   1.0370000e+03   0.0000000e+00   4.5282620e+02
   1.0380000e+03   0.0000000e+00   4.4835544e+02
   1.0390000e+03   0.0000000e+00   4.4339949e+02
   1.0400000e+03   0.0000000e+00   4.4003200e+02
   1.0410000e+03   0.0000000e+00   4.3652135e+02
   1.0420000e+03   0.0000000e+00   4.3224998e+02
   1.0430000e+03   0.0000000e+00   4.3008894e+02
   1.0440000e+03   0.0000000e+00   4.2642017e+02
   1.0450000e+03   0.0000000e+00   4.2459725e+02
   1.0460000e+03   0.0000000e+00   4.2244313e+02
   1.0470000e+03   0.0000000e+00   4.2015198e+02
   1.0480000e+03   0.0000000e+00   4.1865407e+02
   1.0490000e+03   0.0000000e+00   4.1699289e+02
   1.0500000e+03   0.0000000e+00   4.1520286e+02
   1.0510000e+03   0.0000000e+00   4.1334081e+02
   1.0520000e+03   0.0000000e+00   4.1217627e+02
   1.0530000e+03   0.0000000e+00   4.1101343e+02
   1.0540000e+03   0.0000000e+00   4.0985218e+02
   1.0550000e+03   0.0000000e+00   4.0899261e+02
   1.0560000e+03   0.0000000e+00   4.0866457e+02
   1.0570000e+03   0.0000000e+00   4.0822919e+02
   1.0580000e+03   0.0000000e+00   4.0695690e+02
   1.0590000e+03   0.0000000e+00   4.0639074e+02
   1.0600000e+03   0.0000000e+00   4.0640079e+02
   1.0610000e+03   0.0000000e+00   4.0585148e+02
   1.0620000e+03   0.0000000e+00   4.0512013e+02
   1.0630000e+03   0.0000000e+00   4.0501296e+02
   1.0640000e+03   0.0000000e+00   4.0441213e+02
   1.0650000e+03   0.0000000e+00   4.0363841e+02
   1.0660000e+03   0.0000000e+00   4.0365288e+02
   1.0670000e+03   0.0000000e+00   4.0295279e+02
   1.0680000e+03   0.0000000e+00   4.0274882e+02
   1.0690000e+03   0.0000000e+00   4.0290225e+02
   1.0700000e+03   0.0000000e+00   4.0254047e+02
   1.0710000e+03   0.0000000e+00   4.0223451e+02
   1.0720000e+03   0.0000000e+00   4.0225373e+02
   1.0730000e+03   0.0000000e+00   4.0224599e+02
   1.0740000e+03   0.0000000e+00   4.0193804e+02
   1.0750000e+03   0.0000000e+00   4.0177863e+02
   1.0760000e+03   0.0000000e+00   4.0169477e+02
   1.0770000e+03   0.0000000e+00   4.0151828e+02
   1.0780000e+03   0.0000000e+00   4.0099419e+02
   1.0790000e+03   0.0000000e+00   4.0154524e+02
   1.0800000e+03   0.0000000e+00   4.0174400e+02
   1.0810000e+03   0.0000000e+00   4.0103189e+02
   1.0820000e+03   0.0000000e+00   4.0158477e+02
   1.0830000e+03   0.0000000e+00   4.0090213e+02
   1.0840000e+03   0.0000000e+00   4.0138985e+02
   1.0850000e+03   0.0000000e+00   4.0091056e+02
   1.0860000e+03   0.0000000e+00   4.0082632e+02
   1.0870000e+03   0.0000000e+00   4.0059171e+02
   1.0880000e+03   0.0000000e+00   4.0046438e+02
   1.0890000e+03   0.0000000e+00   4.0061571e+02
   1.0900000e+03   0.0000000e+00   4.0100399e+02
   1.0910000e+03   0.0000000e+00   4.0103456e+02
   1.0920000e+03   0.0000000e+00   4.0092175e+02
   1.0930000e+03   0.0000000e+00   4.0021628e+02
   1.0940000e+03   0.0000000e+00   4.0103023e+02
   1.0950000e+03   0.0000000e+00   4.0109172e+02
   1.0960000e+03   0.0000000e+00   4.0092438e+02
   1.0970000e+03   0.0000000e+00   4.0018162e+02
   1.0980000e+03   0.0000000e+00   4.0050405e+02
   1.0990000e+03   0.0000000e+00   4.0081834e+02
   1.1000000e+03   0.0000000e+00   4.0083277e+02
   1.1010000e+03   0.0000000e+00   4.0031780e+02
   1.1020000e+03   0.0000000e+00   4.0035376e+02
   1.1030000e+03   0.0000000e+00   4.0074975e+02
   1.1040000e+03   0.0000000e+00   4.0054698e+02
   1.1050000e+03   0.0000000e+00   4.0068666e+02
   1.1060000e+03   0.0000000e+00   4.0029345e+02
   1.1070000e+03   0.0000000e+00   4.0022876e+02
   1.1080000e+03   0.0000000e+00   4.0087641e+02
   1.1090000e+03   0.0000000e+00   4.0080928e+02
   1.1100000e+03   0.0000000e+00   4.0097285e+02
   1.1110000e+03   0.0000000e+00   4.0014264e+02
   1.1120000e+03   0.0000000e+00   4.0021370e+02
   1.1130000e+03   0.0000000e+00   4.0012760e+02
   1.1140000e+03   0.0000000e+00   4.0051558e+02
   1.1150000e+03   0.0000000e+00   4.0021663e+02
   1.1160000e+03   0.0000000e+00   4.0091707e+02
   1.1170000e+03   0.0000000e+00   4.0011828e+02
   1.1180000e+03   0.0000000e+00   4.0006154e+02
   1.1190000e+03   0.0000000e+00   4.0057303e+02
   1.1200000e+03   0.0000000e+00   4.0078675e+02
   1.1210000e+03   0.0000000e+00   4.0032485e+02
   1.1220000e+03   0.0000000e+00   4.0019068e+02
   1.1230000e+03   0.0000000e+00   4.0034955e+02
   1.1240000e+03   0.0000000e+00   4.0021974e+02
   1.1250000e+03   0.0000000e+00   4.0051884e+02
   1.1260000e+03   0.0000000e+00   4.0091424e+02
   1.1270000e+03   0.0000000e+00   4.0063605e+02
   1.1280000e+03   0.0000000e+00   4.0010799e+02
   1.1290000e+03   0.0000000e+00   4.0039670e+02
   1.1300000e+03   0.0000000e+00   4.0005991e+02
   1.1310000e+03   0.0000000e+00   4.0050608e+02
   1.1320000e+03   0.0000000e+00   4.0043607e+02
   1.1330000e+03   0.0000000e+00   4.0100150e+02
   1.1340000e+03   0.0000000e+00   4.0081517e+02
   1.1350000e+03   0.0000000e+00   4.0048888e+02
   1.1360000e+03   0.0000000e+00   4.0089737e+02
   1.1370000e+03   0.0000000e+00   4.0014020e+02
   1.1380000e+03   0.0000000e+00   4.0039240e+02
   1.1390000e+03   0.0000000e+00   4.0092953e+02
   1.1400000e+03   0.0000000e+00   4.0091946e+02
   1.1410000e+03   0.0000000e+00   4.0071536e+02
   1.1420000e+03   0.0000000e+00   4.0061995e+02
   1.1430000e+03   0.0000000e+00   4.0034475e+02
   1.1440000e+03   0.0000000e+00   4.0093735e+02
   1.1450000e+03   0.0000000e+00   4.0012597e+02
   1.1460000e+03   0.0000000e+00   4.0073167e+02
   1.1470000e+03   0.0000000e+00   4.0064746e+02
   1.1480000e+03   0.0000000e+00   4.0083404e+02
   1.1490000e+03   0.0000000e+00   4.0039909e+02
   1.1500000e+03   0.0000000e+00   4.0075055e+02
   1.1510000e+03   0.0000000e+00   4.0083588e+02
   1.1520000e+03   0.0000000e+00   4.0032306e+02
   1.1530000e+03   0.0000000e+00   4.0055281e+02
   1.1540000e+03   0.0000000e+00   4.0097962e+02
   1.1550000e+03   0.0000000e+00   4.0054975e+02
   1.1560000e+03   0.0000000e+00   4.0033083e+02
   1.1570000e+03   0.0000000e+00   4.0061984e+02
   1.1580000e+03   0.0000000e+00   4.0036097e+02
   1.1590000e+03   0.0000000e+00   4.0075681e+02
   1.1600000e+03   0.0000000e+00   4.0041417e+02
   1.1610000e+03   0.0000000e+00   4.0049259e+02
   1.1620000e+03   0.0000000e+00   4.0069497e+02
   1.1630000e+03   0.0000000e+00   4.0097294e+02
   1.1640000e+03   0.0000000e+00   4.0032794e+02
   1.1650000e+03   0.0000000e+00   4.0083797e+02
   1.1660000e+03   0.0000000e+00   4.0073922e+02
   1.1670000e+03   0.0000000e+00   4.0095431e+02
   1.1680000e+03   0.0000000e+00   4.0003205e+02
   1.1690000e+03   0.0000000e+00   4.0035698e+02
   1.1700000e+03   0.0000000e+00   4.0066275e+02
   1.1710000e+03   0.0000000e+00   4.0028159e+02
   1.1720000e+03   0.0000000e+00   4.0023047e+02
   1.1730000e+03   0.0000000e+00   4.0071120e+02
   1.1740000e+03   0.0000000e+00   4.0062464e+02
   1.1750000e+03   0.0000000e+00   4.0059067e+02
   1.1760000e+03   0.0000000e+00   4.0066049e+02
   1.1770000e+03   0.0000000e+00   4.0004761e+02
   1.1780000e+03   0.0000000e+00   4.0034883e+02
   1.1790000e+03   0.0000000e+00   4.0045138e+02
   1.1800000e+03   0.0000000e+00   4.0024094e+02
   1.1810000e+03   0.0000000e+00   4.0071508e+02
   1.1820000e+03   0.0000000e+00   4.0085621e+02
   1.1830000e+03   0.0000000e+00   4.0028154e+02
   1.1840000e+03   0.0000000e+00   4.0073108e+02
   1.1850000e+03   0.0000000e+00   4.0013779e+02
   1.1860000e+03   0.0000000e+00   4.0083674e+02
   1.1870000e+03   0.0000000e+00   4.0013862e+02
   1.1880000e+03   0.0000000e+00   4.0058823e+02
   1.1890000e+03   0.0000000e+00   4.0036617e+02
   1.1900000e+03   0.0000000e+00   4.0080677e+02
   1.1910000e+03   0.0000000e+00   4.0050379e+02
   1.1920000e+03   0.0000000e+00   4.0048961e+02
   1.1930000e+03   0.0000000e+00   4.0087706e+02
   1.1940000e+03   0.0000000e+00   4.0035315e+02
   1.1950000e+03   0.0000000e+00   4.0044945e+02
   1.1960000e+03   0.0000000e+00   4.0096354e+02
   1.1970000e+03   0.0000000e+00   4.0004230e+02
   1.1980000e+03   0.0000000e+00   4.0097296e+02
   1.1990000e+03   0.0000000e+00   4.0018921e+02
   1.2000000e+03   0.0000000e+00   4.0066713e+02
   1.2010000e+03   0.0000000e+00   4.0058644e+02
   1.2020000e+03   0.0000000e+00   4.0067512e+02
   1.2030000e+03   0.0000000e+00   4.0036103e+02
   1.2040000e+03   0.0000000e+00   4.0062028e+02
   1.2050000e+03   0.0000000e+00   4.0081115e+02
   1.2060000e+03   0.0000000e+00   4.0001926e+02
   1.2070000e+03   0.0000000e+00   4.0008388e+02
   1.2080000e+03   0.0000000e+00   4.0097480e+02
   1.2090000e+03   0.0000000e+00   4.0065135e+02
   1.2100000e+03   0.0000000e+00   4.0023124e+02
   1.2110000e+03   0.0000000e+00   4.0040349e+02
   1.2120000e+03   0.0000000e+00   4.0012202e+02
   1.2130000e+03   0.0000000e+00   4.0026844e+02
   1.2140000e+03   0.0000000e+00   4.0025785e+02
   1.2150000e+03   0.0000000e+00   4.0033167e+02
   1.2160000e+03   0.0000000e+00   4.0015224e+02
   1.2170000e+03   0.0000000e+00   4.0034801e+02
   1.2180000e+03   0.0000000e+00   4.0012166e+02
   1.2190000e+03   0.0000000e+00   4.0088415e+02
   1.2200000e+03   0.0000000e+00   4.0009428e+02
   1.2210000e+03   0.0000000e+00   4.0093004e+02
   1.2220000e+03   0.0000000e+00   4.0039902e+02
   1.2230000e+03   0.0000000e+00   4.0004740e+02
   1.2240000e+03   0.0000000e+00   4.0034237e+02
   1.2250000e+03   0.0000000e+00   4.0073597e+02
   1.2260000e+03   0.0000000e+00   4.0079468e+02
   1.2270000e+03   0.0000000e+00   4.0054491e+02
   1.2280000e+03   0.0000000e+00   4.0068622e+02
   1.2290000e+03   0.0000000e+00   4.0089363e+02
   1.2300000e+03   0.0000000e+00   4.0005479e+02
   1.2310000e+03   0.0000000e+00   4.0030366e+02
   1.2320000e+03   0.0000000e+00   4.0004619e+02
   1.2330000e+03   0.0000000e+00   4.0019548e+02
   1.2340000e+03   0.0000000e+00   4.0072017e+02
   1.2350000e+03   0.0000000e+00   4.0072175e+02
   1.2360000e+03   0.0000000e+00   4.0087780e+02
   1.2370000e+03   0.0000000e+00   4.0058243e+02
   1.2380000e+03   0.0000000e+00   4.0007068e+02
   1.2390000e+03   0.0000000e+00   4.0092274e+02
   1.2400000e+03   0.0000000e+00   4.0080037e+02
   1.2410000e+03   0.0000000e+00   4.0028595e+02
   1.2420000e+03   0.0000000e+00   4.0054366e+02
   1.2430000e+03   0.0000000e+00   4.0098478e+02
   1.2440000e+03   0.0000000e+00   4.0071568e+02
   1.2450000e+03   0.0000000e+00   4.0083897e+02
   1.2460000e+03   0.0000000e+00   4.0043326e+02
   1.2470000e+03   0.0000000e+00   4.0047062e+02
   1.2480000e+03   0.0000000e+00   4.0056071e+02
   1.2490000e+03   0.0000000e+00   4.0026909e+02
   1.2500000e+03   0.0000000e+00   4.0074902e+02
   1.2510000e+03   0.0000000e+00   4.0050389e+02
   1.2520000e+03   0.0000000e+00   4.0064681e+02
   1.2530000e+03   0.0000000e+00   4.0030775e+02
   1.2540000e+03   0.0000000e+00   4.0013872e+02
   1.2550000e+03   0.0000000e+00   4.0047557e+02
   1.2560000e+03   0.0000000e+00   4.0036246e+02
   1.2570000e+03   0.0000000e+00   4.0078811e+02
   1.2580000e+03   0.0000000e+00   4.0078030e+02
   1.2590000e+03   0.0000000e+00   4.0066851e+02
   1.2600000e+03   0.0000000e+00   4.0013350e+02
   1.2610000e+03   0.0000000e+00   4.0002156e+02
   1.2620000e+03   0.0000000e+00   4.0055984e+02
   1.2630000e+03   0.0000000e+00   4.0030082e+02
   1.2640000e+03   0.0000000e+00   4.0093941e+02
   1.2650000e+03   0.0000000e+00   4.0098090e+02
   1.2660000e+03   0.0000000e+00   4.0028662e+02
   1.2670000e+03   0.0000000e+00   4.0080082e+02
   1.2680000e+03   0.0000000e+00   4.0089611e+02
   1.2690000e+03   0.0000000e+00   4.0059753e+02
   1.2700000e+03   0.0000000e+00   4.0088402e+02
   1.2710000e+03   0.0000000e+00   4.0094373e+02
   1.2720000e+03   0.0000000e+00   4.0054916e+02
   1.2730000e+03   0.0000000e+00   4.0072839e+02
   1.2740000e+03   0.0000000e+00   4.0057676e+02
   1.2750000e+03   0.0000000e+00   4.0002586e+02
   1.2760000e+03   0.0000000e+00   4.0044653e+02
   1.2770000e+03   0.0000000e+00   4.0064630e+02
   1.2780000e+03   0.0000000e+00   4.0052120e+02
   1.2790000e+03   0.0000000e+00   4.0037231e+02
   1.2800000e+03   0.0000000e+00   4.0093713e+02
   1.2810000e+03   0.0000000e+00   4.0082953e+02
   1.2820000e+03   0.0000000e+00   4.0084909e+02
   1.2830000e+03   0.0000000e+00   4.0037253e+02
   1.2840000e+03   0.0000000e+00   4.0059318e+02
   1.2850000e+03   0.0000000e+00   4.0087255e+02
   1.2860000e+03   0.0000000e+00   4.0093350e+02
   1.2870000e+03   0.0000000e+00   4.0066846e+02
   1.2880000e+03   0.0000000e+00   4.0020678e+02
   1.2890000e+03   0.0000000e+00   4.0065385e+02
   1.2900000e+03   0.0000000e+00   4.0007205e+02
   1.2910000e+03   0.0000000e+00   4.0040673e+02
   1.2920000e+03   0.0000000e+00   4.0066693e+02
   1.2930000e+03   0.0000000e+00   4.0093373e+02
   1.2940000e+03   0.0000000e+00   4.0081095e+02
   1.2950000e+03   0.0000000e+00   4.0048455e+02
   1.2960000e+03   0.0000000e+00   4.0075675e+02
   1.2970000e+03   0.0000000e+00   4.0041705e+02
   1.2980000e+03   0.0000000e+00   4.0097179e+02
   1.2990000e+03   0.0000000e+00   4.0098797e+02
   1.3000000e+03   0.0000000e+00   4.0086415e+02
   1.3010000e+03   0.0000000e+00   4.0038888e+02
   1.3020000e+03   0.0000000e+00   4.0045474e+02
   1.3030000e+03   0.0000000e+00   4.0024669e+02
   1.3040000e+03   0.0000000e+00   4.0078442e+02
   1.3050000e+03   0.0000000e+00   4.0088284e+02
   1.3060000e+03   0.0000000e+00   4.0091371e+02
   1.3070000e+03   0.0000000e+00   4.0055828e+02
   1.3080000e+03   0.0000000e+00   4.0059887e+02
   1.3090000e+03   0.0000000e+00   4.0014888e+02
   1.3100000e+03   0.0000000e+00   4.0089971e+02
   1.3110000e+03   0.0000000e+00   4.0045039e+02
   1.3120000e+03   0.0000000e+00   4.0020567e+02
   1.3130000e+03   0.0000000e+00   4.0089965e+02
   1.3140000e+03   0.0000000e+00   4.0076259e+02
   1.3150000e+03   0.0000000e+00   4.0088249e+02
   1.3160000e+03   0.0000000e+00   4.0028495e+02
   1.3170000e+03   0.0000000e+00   4.0067323e+02
   1.3180000e+03   0.0000000e+00   4.0066428e+02
   1.3190000e+03   0.0000000e+00   4.0012281e+02
   1.3200000e+03   0.0000000e+00   4.0040732e+02
   1.3210000e+03   0.0000000e+00   4.0027529e+02
   1.3220000e+03   0.0000000e+00   4.0071667e+02
   1.3230000e+03   0.0000000e+00   4.0028338e+02
   1.3240000e+03   0.0000000e+00   4.0089620e+02
   1.3250000e+03   0.0000000e+00   4.0082658e+02
   1.3260000e+03   0.0000000e+00   4.0039003e+02
   1.3270000e+03   0.0000000e+00   4.0049790e+02
   1.3280000e+03   0.0000000e+00   4.0069481e+02
   1.3290000e+03   0.0000000e+00   4.0083437e+02
   1.3300000e+03   0.0000000e+00   4.0060963e+02
   1.3310000e+03   0.0000000e+00   4.0057474e+02
   1.3320000e+03   0.0000000e+00   4.0032604e+02
   1.3330000e+03   0.0000000e+00   4.0045642e+02
   1.3340000e+03   0.0000000e+00   4.0071380e+02
   1.3350000e+03   0.0000000e+00   4.0088441e+02
   1.3360000e+03   0.0000000e+00   4.0072086e+02
   1.3370000e+03   0.0000000e+00   4.0001861e+02
   1.3380000e+03   0.0000000e+00   4.0067478e+02
   1.3390000e+03   0.0000000e+00   4.0043851e+02
   1.3400000e+03   0.0000000e+00   4.0043782e+02
   1.3410000e+03   0.0000000e+00   4.0011704e+02
   1.3420000e+03   0.0000000e+00   4.0081468e+02
   1.3430000e+03   0.0000000e+00   4.0032486e+02
   1.3440000e+03   0.0000000e+00   4.0024623e+02
   1.3450000e+03   0.0000000e+00   4.0034271e+02
   1.3460000e+03   0.0000000e+00   4.0037569e+02
   1.3470000e+03   0.0000000e+00   4.0054655e+02
   1.3480000e+03   0.0000000e+00   4.0056192e+02
   1.3490000e+03   0.0000000e+00   4.0039582e+02
   1.3500000e+03   0.0000000e+00   4.0039813e+02
   1.3510000e+03   0.0000000e+00   4.0051537e+02
   1.3520000e+03   0.0000000e+00   4.0065753e+02
   1.3530000e+03   0.0000000e+00   4.0095092e+02
   1.3540000e+03   0.0000000e+00   4.0072235e+02
   1.3550000e+03   0.0000000e+00   4.0040008e+02
   1.3560000e+03   0.0000000e+00   4.0083187e+02
   1.3570000e+03   0.0000000e+00   4.0013434e+02
   1.3580000e+03   0.0000000e+00   4.0006047e+02
   1.3590000e+03   0.0000000e+00   4.0008425e+02
   1.3600000e+03   0.0000000e+00   4.0016390e+02
   1.3610000e+03   0.0000000e+00   4.0032422e+02
   1.3620000e+03   0.0000000e+00   4.0030173e+02
   1.3630000e+03   0.0000000e+00   4.0001168e+02
   1.3640000e+03   0.0000000e+00   4.0053991e+02
   1.3650000e+03   0.0000000e+00   4.0009537e+02
   1.3660000e+03   0.0000000e+00   4.0014651e+02
   1.3670000e+03   0.0000000e+00   4.0063114e+02
   1.3680000e+03   0.0000000e+00   4.0085932e+02
   1.3690000e+03   0.0000000e+00   4.0097422e+02
   1.3700000e+03   0.0000000e+00   4.0057084e+02
   1.3710000e+03   0.0000000e+00   4.0099685e+02
   1.3720000e+03   0.0000000e+00   4.0055354e+02
   1.3730000e+03   0.0000000e+00   4.0051546e+02
   1.3740000e+03   0.0000000e+00   4.0033068e+02
   1.3750000e+03   0.0000000e+00   4.0043000e+02
   1.3760000e+03   0.0000000e+00   4.0049181e+02
   1.3770000e+03   0.0000000e+00   4.0007104e+02
   1.3780000e+03   0.0000000e+00   4.0088774e+02
   1.3790000e+03   0.0000000e+00   4.0006463e+02
   1.3800000e+03   0.0000000e+00   4.0043618e+02
   1.3810000e+03   0.0000000e+00   4.0082663e+02
   1.3820000e+03   0.0000000e+00   4.0039453e+02
   1.3830000e+03   0.0000000e+00   4.0061347e+02
   1.3840000e+03   0.0000000e+00   4.0081864e+02
   1.3850000e+03   0.0000000e+00   4.0088624e+02
   1.3860000e+03   0.0000000e+00   4.0093111e+02
   1.3870000e+03   0.0000000e+00   4.0019078e+02
   1.3880000e+03   0.0000000e+00   4.0025858e+02
   1.3890000e+03   0.0000000e+00   4.0089787e+02
   1.3900000e+03   0.0000000e+00   4.0059336e+02
   1.3910000e+03   0.0000000e+00   4.0050384e+02
   1.3920000e+03   0.0000000e+00   4.0061281e+02
   1.3930000e+03   0.0000000e+00   4.0081942e+02
   1.3940000e+03   0.0000000e+00   4.0053189e+02
   1.3950000e+03   0.0000000e+00   4.0020208e+02
   1.3960000e+03   0.0000000e+00   4.0045389e+02
   1.3970000e+03   0.0000000e+00   4.0042791e+02
   1.3980000e+03   0.0000000e+00   4.0096605e+02
   1.3990000e+03   0.0000000e+00   4.0062006e+02
   1.4000000e+03   0.0000000e+00   4.0069539e+02
   1.4010000e+03   0.0000000e+00   4.0072016e+02
   1.4020000e+03   0.0000000e+00   4.0034690e+02
   1.4030000e+03   0.0000000e+00   4.0051699e+02
   1.4040000e+03   0.0000000e+00   4.0055669e+02
   1.4050000e+03   0.0000000e+00   4.0015650e+02
   1.4060000e+03   0.0000000e+00   4.0056206e+02
   1.4070000e+03   0.0000000e+00   4.0069480e+02
   1.4080000e+03   0.0000000e+00   4.0042646e+02
   1.4090000e+03   0.0000000e+00   4.0083627e+02
   1.4100000e+03   0.0000000e+00   4.0073139e+02
   1.4110000e+03   0.0000000e+00   4.0036003e+02
   1.4120000e+03   0.0000000e+00   4.0045421e+02
   1.4130000e+03   0.0000000e+00   4.0038639e+02
   1.4140000e+03   0.0000000e+00   4.0077555e+02
   1.4150000e+03   0.0000000e+00   4.0073427e+02
   1.4160000e+03   0.0000000e+00   4.0043028e+02
   1.4170000e+03   0.0000000e+00   4.0069375e+02
   1.4180000e+03   0.0000000e+00   4.0094521e+02
   1.4190000e+03   0.0000000e+00   4.0078423e+02
   1.4200000e+03   0.0000000e+00   4.0070557e+02
   1.4210000e+03   0.0000000e+00   4.0010933e+02
   1.4220000e+03   0.0000000e+00   4.0038993e+02
   1.4230000e+03   0.0000000e+00   4.0059090e+02
   1.4240000e+03   0.0000000e+00   4.0045938e+02
   1.4250000e+03   0.0000000e+00   4.0005034e+02
   1.4260000e+03   0.0000000e+00   4.0022869e+02
   1.4270000e+03   0.0000000e+00   4.0083419e+02
   1.4280000e+03   0.0000000e+00   4.0001564e+02
   1.4290000e+03   0.0000000e+00   4.0086371e+02
   1.4300000e+03   0.0000000e+00   4.0007807e+02
   1.4310000e+03   0.0000000e+00   4.0066904e+02
   1.4320000e+03   0.0000000e+00   4.0050021e+02
   1.4330000e+03   0.0000000e+00   4.0021799e+02
   1.4340000e+03   0.0000000e+00   4.0057162e+02
   1.4350000e+03   0.0000000e+00   4.0012219e+02
   1.4360000e+03   0.0000000e+00   4.0067117e+02
   1.4370000e+03   0.0000000e+00   4.0059959e+02
   1.4380000e+03   0.0000000e+00   4.0005598e+02
   1.4390000e+03   0.0000000e+00   4.0005634e+02
